A[128x128],S_H[17|10]
10000000000000011100000000000010101000000000010010010000000010001000100000010000100001000010000010000000000000000110000000000000
11000000000000001010000000000001010100000000001001001000000001000100010000001000010000100001000001000000000000000011000000000000
11100000000000000101000000000000100010000000000100100100000000100010001000000100001000010000100000100000000000000001100000000000
01110000000000000010100000000000011001000000000010000010000000010001000100000010000100001000010000010000000000000000110000000000
00111000000000000101010000000000000100100000000001010001000000001000000010000001000010000100001000001000000000000000011000000000
00011100000000000010101000000000000010010000000000101000100000000100100001000000100000000010000100000100000000000000001100000000
00001110000000000001010100000000001001001000000000000100010000000010010000100000010001000001000000000010000000000000000110000000
00000111000000000000101010000000000100100100000000000010001000000001001000010000001000100000100000000001000000000000000011000000
00000011100000000000010101000000000010010010000000010001000100000000000100001000000100010000010000000000100000000000000001100000
00000001110000000000001010100000000001001001000000001000100010000000000010000100000010001000001000000000010000000000000000110000
00000000111000000000000101010000000000100100100000000100010001000000100001000010000000000100000100000000001000000000000000011000
00000000011100000000000010101000000000010010010000000010001000100000010000100001000000000010000000000000000100000000000000001100
00000000001110000000000001010100000000001001001000000001000100010000001000010000100001000001000000000000000010000000000000000110
00000000000111000000000000101010000000000100100100000000100010001000000100001000010000100000100000000000000001000000000000000011
00000000000011100000000000010101000000000010010010000000010001000100000010000100001000010000010000000000000000100100000000000001
00000000000001110000000000001010100000000001001001000000001000100010000001000010000100001000001000000000000000010110000000000000
00000000000000111000000000000101010000000000100100100000000100010001000000100001000010000100000100000000000000001011000000000000
xxxxxxxxxxxxxxxxxxxxxxxxxxxxxxxxxxxxxxxxxxxxxxxxxxxxxxxxxxxxxxxxxxxxxxxxxxxxxxxxxxxxxxxxxxxxxxxxxxxxxxxxxxxxxxxxxxxxxxxxxxxxxxxx
xxxxxxxxxxxxxxxxxxxxxxxxxxxxxxxxxxxxxxxxxxxxxxxxxxxxxxxxxxxxxxxxxxxxxxxxxxxxxxxxxxxxxxxxxxxxxxxxxxxxxxxxxxxxxxxxxxxxxxxxxxxxxxxx
xxxxxxxxxxxxxxxxxxxxxxxxxxxxxxxxxxxxxxxxxxxxxxxxxxxxxxxxxxxxxxxxxxxxxxxxxxxxxxxxxxxxxxxxxxxxxxxxxxxxxxxxxxxxxxxxxxxxxxxxxxxxxxxx
xxxxxxxxxxxxxxxxxxxxxxxxxxxxxxxxxxxxxxxxxxxxxxxxxxxxxxxxxxxxxxxxxxxxxxxxxxxxxxxxxxxxxxxxxxxxxxxxxxxxxxxxxxxxxxxxxxxxxxxxxxxxxxxx
xxxxxxxxxxxxxxxxxxxxxxxxxxxxxxxxxxxxxxxxxxxxxxxxxxxxxxxxxxxxxxxxxxxxxxxxxxxxxxxxxxxxxxxxxxxxxxxxxxxxxxxxxxxxxxxxxxxxxxxxxxxxxxxx
xxxxxxxxxxxxxxxxxxxxxxxxxxxxxxxxxxxxxxxxxxxxxxxxxxxxxxxxxxxxxxxxxxxxxxxxxxxxxxxxxxxxxxxxxxxxxxxxxxxxxxxxxxxxxxxxxxxxxxxxxxxxxxxx
xxxxxxxxxxxxxxxxxxxxxxxxxxxxxxxxxxxxxxxxxxxxxxxxxxxxxxxxxxxxxxxxxxxxxxxxxxxxxxxxxxxxxxxxxxxxxxxxxxxxxxxxxxxxxxxxxxxxxxxxxxxxxxxx
xxxxxxxxxxxxxxxxxxxxxxxxxxxxxxxxxxxxxxxxxxxxxxxxxxxxxxxxxxxxxxxxxxxxxxxxxxxxxxxxxxxxxxxxxxxxxxxxxxxxxxxxxxxxxxxxxxxxxxxxxxxxxxxx
xxxxxxxxxxxxxxxxxxxxxxxxxxxxxxxxxxxxxxxxxxxxxxxxxxxxxxxxxxxxxxxxxxxxxxxxxxxxxxxxxxxxxxxxxxxxxxxxxxxxxxxxxxxxxxxxxxxxxxxxxxxxxxxx
xxxxxxxxxxxxxxxxxxxxxxxxxxxxxxxxxxxxxxxxxxxxxxxxxxxxxxxxxxxxxxxxxxxxxxxxxxxxxxxxxxxxxxxxxxxxxxxxxxxxxxxxxxxxxxxxxxxxxxxxxxxxxxxx
00001000000000000000000000000000001000000000000000000000000000000000000000000000000000000000000000000000000000000100000000000100
00000000000000000000000000000000000000000000000000000000000000000000000000000000000000000000000010000000000000001100000001100000
00000000000000000000000000000000000000000000000000000000001000000000000000000000000001000000000000000000000000001100000100001000
00000000010000000000000000000000000000000000000000000000000000000000000000000000000000100000000000000000000000000000111000000000
00000010000000000000000000000000000000000000000000000000000000100000000000000000010000000000000000001000000000000000000000101000
00000000000000000000000000000000000000000000000100000000000000000000000000000000000000000000000000000000000010000010000001000000
00000000000000000000010000000000000000000000000000000000000000000000000001000000000000000000000000000000000000000001010100000000
00010000010000001000001000001000000100000100000100000100000010000010000010000010000001000001000001000000100000100000000001001000
00000000000001000000000100000000000000000000000000000000000000000000000000000000000000000000000000000000000000000000000000111000
00000000000100000000000000000000000000000000000000000000000000000000000000000000000000000000000000010000000000000001000100000000
00000000000000000000010000000000000000000000000000000000000000100000000000000000000000000000000000100000000000000000100001000000
00000000010000000000000000000000000000000000000000000000000000001000000000000000000000000000000000000000000000000100000001000000
00000000000000000001000000000000000000000000000000000000000000000000000000000000100000000000000000000000000000000001000100010000
10000000000000000000000000000000000010000000000000000000000000000000000010000000000000000000000000000000000000000010001001000000
00000000000000000000000000000000000001000000000000000000000000010000000000000000000000000000000000000000000000000001010000000000
00000000000000000000000000000000000000000000000000000000000000000000000100000000010000000000000000000000000000000000010100001000
00000000000000000000000000000000000000000000000000000000000000000000000000000000000000000010000000000001000000000000001000001000
10000000000000000000000000000000000000000100000000000000000000000000000010000000000000000000000000000000000000000000100000010000
00000000000000100001000000000000000000000000000000000000000000000000000000000000000000000000000000000000000000000000101000000000
01100011000110001000010000100001000010000100001000010001100011000110001000010000100001000010000100001000010001100000000110000000
00000000000000000000000000000000000001000000000000000000000000000000000001000000000000000000000000000000000001000001000100100000
00100000000000000000000000010000000000000000000010000000000000000000000001000000000000000000001000000000000000000010000000000001
00000000000000000000100000000000000000000000000000000000000000000000000000000000000000000000001000000000000000000001000000011000
00000000000000000000000000000000000000000000000000000000000000000000000000000000000000000000010010000000000000000010000001000010
00000000000000000000000000000000000000010000000000000000000000000000000000000000000000000000000000000100000000000000100000000100
00000000000000000000000000000000000000000000000000000000000000000000000000111000000000000000000000000000000000000000010000010000
00000010000000000000000000000000000000000000000000000000000000000000000000000000000000000000000000000001000000000000100100000000
00000000000000000000000000100000000000000000000000000000000000000001000000000000000000000000000000000001000000000010000001000010
10101000000000000000000000000101010101010100000000000000000000000000101010101010000000000000000000000000010101010000010000000010
00000000000000000000000000010000100000000000000000000000000000000000000000000000000000000000000000000000000000000010000010000000
00000000000000000000000000000000000000000000000000000000000000000000000000000000010000000000000010000000000000000000000110000000
00001000000000000000000000000000000000000000000000000000000000000000000000000000000000000000000000000000000000010100000000000001
00000000000001000000000000000000000000000000000000000000000000000000000000000000000000010000000000000000000000000001001000000010
00000000000000000000000000000000000000000000000000000000001000000000000000000000000001000000000000000000000000000001001000000100
00000001000000001000000001000000000000000000000000000000000000000000100000000100000000000000000000000000000000000000001000001000
00000000001000000000000000000000000000000100000000000000000000000000000010000000000000000000100000000000000000000000001000100000
00000000100000000000000000000000000000000000001000000000000000000000000000000000000000000000000000000000000000000110000000100000
00000000000000000010000000000000000000000100000000000000000000001000000000000000000000010000000000000000000000000000000100100000
00000000000000000000000000000000000000000000000000000000000000000000000000000000001000000100000010000001000000100100000000000001
00000000000000000000000000000000000000000000000000000000000000000000000000000000000100000000100000000000000000000000001001001000
00000000000000000000000000000000000000001000000000000000000000000000000000000100000000000000000000000000000000000001000000000100
00000000000000010000000000000000000000000000000100000000000000000000000000000000000000000000000000000000000000000010000000010001
00000000000000000000000000000000000000000000000000000000000000000001000010000100001000010000100001000010000100000010000010000000
00000000000000000000000000000000000000000000000000000000000000000000000000000000010000000000000000000000000010000000010000100000
10000000000001000000000000100000000000010000000000000000000000000000000000100000000000010000000000001000000000000100000000100000
00000000000000000000000000000000000000010000000000000000000000000000000000000000000000000000000000000000000001000000100010000100
00000000000000000000000000000000000000000000000000000000000000000000010000000000001000000000000000000000000000000010000010000010
00001000000000000000000000000000000100000000000000000001000000000010000000000000000000100000000000000000000000000100001000000000
00001000000000000000000000000100000000000000000000100000000000000000000000010000000000000000000010000000000000000000100000000010
00000000000100000001000000000000000000000000000000000010000000000000000000000000000000000100000000000000000000000000000100001000
00000000000000000000000000000100000000000000000000000000000000000000000000000000000000000000000001000000000000000001000000001000
00000000000000000000000000000000000000000000000000000000000000000000000000000010010000000000000000000000000000000110000000000000
00000000000000100000000000010000000000000000000000000000000000000000000000000000000000000000000000000000000000000101000000000010
00001000000000000000000000000000000000000000000000000000000000000000000100000000000000000000000000000000000000000000000100000001
01000000000000000000000000000000000000000000000000000000000000000000000000000000000000000000001000000000000000000001000000000010
00000000000000000000000000000000000000000000100000000000000000000000000000000000000000000001000000000000000000000100000000010000
00000000000000000000001000000000000001000000000000001000000000000000000000000000000000100000000000000100000000000001001000000000
00000000000001000001000000000000000000100000100000000000010000010000000000000000001000001000000000000000000100000000010000000010
00000001000000000000000000000010000000000000000000000100000000000000000000001000000000000000000000000000000000000001000000000010
00000000000000000000000000000000000000000100000000000100000000000000000000000000000000000000000000000000000000000000111000000000
01000000000000000000000000000000000000000010000000000000000000000000000000000000000100000000000000000000000000000001001000000100
00001001000000000000000000100100000000000000000000010000000000000000000001000000000000000000000100000000000000000000000001010000
00000000000000000001010000000000000000000000000000000000000000000000000000000000000000000000000000000000000000000100000000001000
00000000000000000000000000000000000000000000000000000000100000000000001000000000000010000000000000000000000000000010010000001000
00000000000000000000000000100000000000000000000000000000000000000000000000000000000000000000000010000000000000000000000001100000
00000010000000000000000000000000000000000000000000000000000000000000000000000000000000000000000000000000000100000000000000000111
00000000000001000000000000000000000000000000000000000000000000000000000000000000000000000000000000000010000000000111000000000000
00000000000000000000000000100000000000000000000000000000000000000000000000000000010010000000000000000000000000000001001000000010
00000000000000000000000000000000000000000000000000000000000000000000000000000000000000000000000000001010101010000000010000010000
00000000000000000000000000000000000000000000000000000000000000000000010000000000000000000000000000000000000000001001000000000010
00100000000000000100000000000000100000000000000000000000000000000000000000000000000000000000000000000000000000000010100000000000
00001010101000000000000000000000000000000000000000000000000000000000000000000000000000000000000000000000000000000110000000000000
01000000000000000000000000000000000000000000000000000000000000000000100000000000000000000000000000000000000000000101010000000000
00000000000000000001000000000000000000000000000000000000000000100000000000000000000000000000000000000000000000000000000001000100
10000000000000000000000100000000000000000000000000000000000000000000000000000000000000000000000000000000000000000000101000000000
00000100000000000000000010000000010000000000000000001000000000000000000100000000100000000000000000010000000000000000100000000001
00000000001000010000000000000000000000000000001000010000000000000000000000000000001000010000000000000000000000000000010100000000
00000000000000000000000000000000010000000000000000000000000000000000001000000000000000000000000000000000000000000000000000001110
00000000000000000000000000000000000100100000000000000000000000000000000000000000000000000000000000000000000000000000000000110000
00000000000000000000000001000000000000010000000000000100000000000000000000000000000000000000000000000000000000000010001000000001
00000000000000000000000000000000000000000000000000000000000000000110000000000000000000000000000000000000000000000000000000010100
00000000000000000000000000000000000000000000000000000000000000000000001000000000000000100000000000000000000000000000100000000010
00000000000000010000000010000000000000000000000000000000000000000000000000001000000000000000000000000000000000000000001000001000
00000000010000000000000000000100000000000000000000000000000000000000000000000000000000000000000000000000000000000001000100100000
00000000000000000000000000000000000000000000000100000000000000000000000000000000000000000000000000000000010000000100000011000000
01000001000001000001000001000001000001000001000000000000000000000000000010000010000010000010000010000010000010000000100000100000
00000000000000000000000000000000000000000000100000000000000000000000000000000000000000000000000000000000000010000000000000100100
00000000000000000000000000000010000000000000000000000000000000000000000000000000000000000000000000000001000000000000001000100010
01000000000010000000100000001000000010000000000100000001000000010000000100000001000000000010000000100000001000000100000001000000
00000000000000000000000000000000000000000000000000000000000100000000000000000000000000000000000000000000000001000001000100010000
00000000000000000000000000000000000000000000000000000000100000000000000000000000000100000000000000000000000000000000000000011100
00000000000000000000000000000000000000000000000000000010000000000000000000000000000000000000000000000000000001000000110000000100
00100000000001000010000000000100001000001000010000000000100001000001000010000100000100001000000000010000100000100001010000000000
00000000001111100000000000000000000000111110000000000000000000000001111000000000000000000000000111110000000000000000000110000000
00000000000000000000000010000000000000000000000000000000000000000000000000000000000000000000000000000000001000000000000100010001
00000000000000000000000000000000000000000000000000000000000000000000000000010000000000010000000000000000000000000000010000000010
00000000100000000000000000000000000000000000000000010000000000000000000000000000000000000000000000000000000000000000000100100010
00010000000010000000000000000000000000000000000000000000000000000000000000000000000000000000000000000000000100000000100100000000
00000010000001000000000000000010000000000000000000000010000000000000000000000010000000000000000000000010000000000000000000010010
00000000000000000000000000000000000000001000000000000000000000000000000000000000000000000000010000000000000000000001000100010000
10000000000000000000000100000000000000000000000000000000000000000000000000000000000000000000000000000000000000000000100000000100
