A[78x78],S_H[13|10]
100000000001110000000010101000000100100100001000100010100000000000011000000000
110000000000101000000001010100000010010010000100010001010000000000001100000000
111000000000010100000000100010000001001001000010001000001000000000000110000000
011100000000001010000000011001000000100000100001000100000100000000000011000000
001110000000010101000000000100100000010100010000100000000010000000000001100000
000111000000001010100000000010010000001010001000010010000001000000000000110000
000011100000000101010000001001001000000001000100001001000000100000000000011000
000001110000000010101000000100100100000000100010000100000000010000000000001100
000000111000000001010100000010010010000100010001000000000000001000000000000110
000000011100000000101010000001001001000010001000100000000000000100000000000011
000000001110000000010101000000100100100001000100010010000000000010010000000001
000000000111000000001010100000010010010000100010001001000000000001011000000000
000000000011100000000101010000001001001000010001000100000000000000101100000000
xxxxxxxxxxxxxxxxxxxxxxxxxxxxxxxxxxxxxxxxxxxxxxxxxxxxxxxxxxxxxxxxxxxxxxxxxxxxxx
xxxxxxxxxxxxxxxxxxxxxxxxxxxxxxxxxxxxxxxxxxxxxxxxxxxxxxxxxxxxxxxxxxxxxxxxxxxxxx
xxxxxxxxxxxxxxxxxxxxxxxxxxxxxxxxxxxxxxxxxxxxxxxxxxxxxxxxxxxxxxxxxxxxxxxxxxxxxx
xxxxxxxxxxxxxxxxxxxxxxxxxxxxxxxxxxxxxxxxxxxxxxxxxxxxxxxxxxxxxxxxxxxxxxxxxxxxxx
xxxxxxxxxxxxxxxxxxxxxxxxxxxxxxxxxxxxxxxxxxxxxxxxxxxxxxxxxxxxxxxxxxxxxxxxxxxxxx
xxxxxxxxxxxxxxxxxxxxxxxxxxxxxxxxxxxxxxxxxxxxxxxxxxxxxxxxxxxxxxxxxxxxxxxxxxxxxx
xxxxxxxxxxxxxxxxxxxxxxxxxxxxxxxxxxxxxxxxxxxxxxxxxxxxxxxxxxxxxxxxxxxxxxxxxxxxxx
xxxxxxxxxxxxxxxxxxxxxxxxxxxxxxxxxxxxxxxxxxxxxxxxxxxxxxxxxxxxxxxxxxxxxxxxxxxxxx
xxxxxxxxxxxxxxxxxxxxxxxxxxxxxxxxxxxxxxxxxxxxxxxxxxxxxxxxxxxxxxxxxxxxxxxxxxxxxx
xxxxxxxxxxxxxxxxxxxxxxxxxxxxxxxxxxxxxxxxxxxxxxxxxxxxxxxxxxxxxxxxxxxxxxxxxxxxxx
100001000010000100001000000000000000000000000000000010000100001000001000010000
000000000000000000000010000000010000000000000000000000000000000000000011100000
000000000000000000000000000000000000000000000000100001000000000000011100000000
000000000000000000100000000000000000000000000000000000010000000000010010000100
000010000001000000101000000100000010000001000000101000000100000010000010000100
000000000000000000000000000000000000000000010000000000000000000000100001001000
000000000010000000000000000100000000001000000000010000010000000000100000100010
000000000000000000000000010000000000000000000000000000100000000000000100100000
000000000001000000000100000000010000000001000000000100000000010000010010000000
000000000000010000000000001000000000000010000000000001000000000000000001000001
000010000000000000000000000000000100000000100000000000000000001000000000011000
000010100101000010100101000010100101000010100001000010100001000010100000000101
100000010000001000000100000010000000000000000000000001000000100000000000100001
000000000000000000000111100000000000000000000000000000000000000000000001000100
000000000000001000000000000000000000001000000000000000000000000000000010001000
010000000000000000000000000000000000000000000100000000000000000000001000000101
000000000000000000000000000000010000010000000000000000000000000000000010001000
101010101010100000000101010101010101010101010101010101010101010101000100010000
000000000000000000000000000000000000001000000000100000000000000000000000010010
000000000000110000000000000000000011000000000000000000001110000000001100000000
000000000000000000000000000000000000000000000000000000001000000100010001001000
000000000000000001000000100000010000000000000000000000000000000000000000001110
000000010000000000000000100000000000000000000000010000000000000000000000111000
000000000100000000001001000000000010010000000000100100000000001000000100000001
000000100000000000000000000000000000000000000000000000000000000010000011000000
000000000000000000000000000000000100000000100000000000000000000000010000000100
000000000000000000000001000010000000000000000000000000000000000000000000010100
000000000000000000000000000000000000000000001001001001001001001001000000001001
000000000000000010000000100000000000000000000000000000000000000000010000100000
000000000000000000000000000000000010000000000000001000000000000000100001001000
001000000000000000000000000000000000000000000000100000000000000000000000010010
000000000000100000000000000000000001000000000000000000000000000000000000001010
000000000000000000000000000100010000000000000000000000000000000000000100010001
000000000000000000000000000000000000000000000000001000000010000000000000101010
000000000000100000000000000000010000000000000000000000010000000000000100001100
101010000001010000001010100001010100001010100000010100000010101000010000000100
000000000000000000000000000000000010000000000000000000000000100000001001000100
010000000000000000010000000000000000000000000000001000000000000000000110000100
000100000000000000000000000000000000000000000001000000000000000000000100001001
000010000000000000000000000000000100000000000000000000000000000000010000100100
000000110000011000000100000011000000100000011000001100000011000001101001000000
000000000000000000000000000001000000000000000000000000000001000000110010010000
000000000000000000000000000000100000100000100000100000000000000000000000001001
010000000000000000000000001000000000000000000000000000000000000000001000000100
000000000000000000000000000000000100010001000100000000000000000000001000100000
000000000000000000000000100000000000000000000000100000000000000000000100100001
000000000000000000000000000000000000000010000010000000000000000000010001000100
000000010000000000100000000001000000000000000010000000000100000000000010100000
000010000001000000100000010000001000000100000010000001000000000010001000010000
000000000010000000000000000000000000010000000000000000000000000000000011000010
001000000000000000100000000000000010000000000000000001000000000000010001000000
100000000000000000100000000000000000000000000000010000000000000000000000010010
000001000000000000000000100000000000000000000000000000000000000000001010100000
010000000000000000000000010000000000000000000000000000000000000000001001000000
000001000010000100001000000000000000000001000010000100001000000000001000000100
