U[1071x74]
00000000000000000000000000000000000000000000010000000000000000000000100000
00000000000000000000000000000000000010000000000100000000000000000000000000
00000000000000000000000000000000000001000100000000000000100000000000000000
00000000000000000000000100000000000001100100000000100000100000000000000000
00000000000000000000001100000100000001100100000000100001100000000000000000
00000000000000000000001100000100000001100100000000101001101000000000000000
00000000000000000000001100000100000001100100000000101001101000000001000100
00000000000000000000001100100100000001100110000000101001100000000001000100
00000000000000000000001100100100001001100110000001101001100000000001100100
00000000000000000000001100100100000001100110000001101001100000100001000100
00000000000000000000011100100100000001110110000001101001110000100001000100
00000000000000000000011100100100000001110110010011101001110000100001000100
00000000000000000000111100000110001001110110010011101001110000100001000100
00000000000000000001111100000110001011110110010011111001110000100001001100
00000000000000000001000000000000000000000000000000100000001000000010000000
00000000000000000001000000000000000000000000000000111100001000000010000000
00000000000000000001000000000000000000000000001000111000001000000010000000
00000000000000000001000000000001000000000000000000111100011000000000000000
00000000000000000001000000000001001001001000000000111100011000000000000000
00000000000000000001000000010001000100000000000000000000000000000000000000
00000000000000000001111110000110001011110110010011111001110000110001001100
00000000000000000001111110000110001011110110011011111001110000110101001100
00000000000000000001111110000110001010110010001011111001110000110101001100
00000000000000000001111110000100001111111110011011111001110000110101001100
00000000000000000001111110000100001111111010011011111011110000110101001100
00000000000000000001111110000100001101111010011011011011110001110101001100
00000000000000000001111111010000001101111010011011011011110001110101001100
00000000000000000001111111010001001101111010011011011011110001110101001110
00000000000000000001111101010001011101111010011011011011110001110101101110
00000000000000000001111101010001011101110010011011011011110011110101101110
00000000000000000001111101010001001101110010111011011011110011110101101110
00000000000000000001111101010001011001110010011111011011110011110101101110
00000000000000000001111101011011011001110010011111011011110011110101101110
00000000000000000001111101011011011001110011011111111011110011110101101111
00000000000000000001111111010001001101111010011011111011110011110101000110
00000000000000000001111111010000001101111010011011011011111001110001001110
00000000000000000001111111011000000101110010011011011011111001110001001110
00000000000000000001111111010000001101111010011011011111111001110001000110
00000000000000000001111111000000001101111010011011011111111001110001100110
00000000000000000001111111000000001101111010011010011011110001110101001100
00000000000000000001111111001000001101111110011010011001110001110101001100
00000000000000000001111111000000001101111010011010011011110001110101101110
00000000000000000001111111000000001001111010011010001011110001110100101110
00000000000000000001111111000010001101111010001010011011110011110101001100
00000000000000000001111111000010001101111010001010011011110011110111001000
00000000000000000001111111000010010001111010001010011011110011110111001000
00000000000000000001111111000010001101111010000010011010110011110111001000
00000000000000000001111111000010001101011010001010011011110011010111001000
00000000000000000001111111000110001101111010001011011011110011010111001000
00000000000000000001111111000110001101111010001011001011110011010101001000
00000000000000000001111101010110001101111010001011001011110011010101001100
00000000000000000001111110000100101111111010011011101011110000110101000100
00000000000000000001111110000100101110111010011011101011110000111101000100
00000000000000000001111110000100101110111000011011101010110000111101000100
00000000000000000001111110000100101111111010011011101011110000110101000100
00000000000000000010000001010100110010000000000000110000011001000100001010
00000000000000000010000000000000000000000000000000000100000001000000000000
00000000000000000010000001010100110010000010000000110100011001010100001010
00000000000000000010000001010100110010001010000000110100011001010000001010
00000000000000000010000001011100110010001010001000110100011001010000001010
00000000000000000010000001010100110010001000000000100000011001000100001010
00000000000000000010000001010100110010000000100000110000011001000000001010
00000000000000000010000001010101110010000000100100110000011001000000001010
00000000000000000010000001011101110010000000100100010000011001000000001010
00000000000000000010000001011001110010000000110100010000011001000010001010
00000000000000000110000001011101110010000010100100010000011101000000001010
00000000000000000110000001011001110010000010100100010000011101000001001010
00000000000000000110000001111001110010000010100100010000011101100001001010
00000000000000000110000001111000110010000010100100011000011101100001101010
00000000000000000110000001111001111010010010000100010000011101100001001010
00000000000000000110000001011001111010010010010100010000011101100001001010
00000000000000000110000001011001111010010010010100010000011111110011001010
00000000000000000110000001011001110010000010101100010100011101000001001010
00000000000000000110000001010001111010001010100100010000011101000001001010
00000000000000000110000001011101110010100010100100010000011101010000001010
00000000000000000110000001011101111010100010100000010000011100010000001010
00000000000000000110000001011101111010100110110001010000011100010000001010
00000000000000000110000001011101111010100110100001011000011100010000101010
00000000000000000110000001011101111010000110100001011000010100010000101110
00000000000000000110000000011101111010000110110001011000010100010000101110
00000000000000000110000000011101111010000110100001011000010100010000001110
00000000000000000110000000011101111010000110100011001000010100010000001110
00000000000000000110000000011101011010000110100001011000010100010100001110
00000000000000000110000000011101111010000110110101011000010110010000101111
00000000000000000110000000011101111010100111110101011000010110010000101111
00000000000000000110000000011101111010100111110101011000010110010111101111
00000000000000000110000000011001110010110111110101011000010110010111101111
00000000000000000110000000011001110010110111111101011000010100010111101111
00000000000000000110000000011001110010110111101001011000010100010111101111
00000000000000000110000000011001110010110111111101011010010100011111101111
00000000000000000110000000011001110000110111110101011000010110010111111111
00000000000000000110000000011011110000110111110101011000010110000111111111
00000000000000000110000000011011110000110111110101011000010100001111111111
00000000000000000110000000001011110000110111111101011000010101001111111111
00000000000000000110000000001011110000110101111101011000010111001111111111
00000000000000000110000000001001110000110111111111011000010101001111111111
00000000000000000110000000101001110000110111111101011000010101001111111111
00000000000000000110000000001011110010110111111101011000010101001111110111
00000000000000000110000000001011010010110111111101011000010101001111110011
00000000000000000110000001010011110000110111110101011000010100001111111111
00000000000000000110000000011011110100110111110111011000010100001111111111
00000000000000000110000000011011110100110111110111011000010000001101111110
00000000000000000110000000011011110100110110110111011000010000001101111010
00000000000000000110000000110001110100110111110111011000010100001111111111
00000000000000000111100011001101110000110011111111111010011101011111110001
00000000000000000111100011001101110000101011111111111010011101011111110001
00000000000000000110000000011101111010000111111101011010010110010111101111
00000000000000000110000000011111111010100111111101011010010110010110101111
00000000000000000110000000011111111010100011111101011000010110010110101111
00000000000000000110000000111111111010100011111101111000010110010110101111
00000000000000000110000000011111111010100011111101011000010111010010111111
00000000000000000110000000011111111010000111111101001010010110010110101111
00000000000000000110000000011011111110000011111101001010010110010110101111
00000000000000000110000000111101111010100111110101011001010110010001101111
00000000000000000110000000111101111010100111110101011001010110010000111011
00000000000000000110000001111101111010100111110101011001010110010000111001
00000000000000000110000001011101111010100111100101011001010110110000111001
00000000000000000110000001011101111010000100110101011000010111010000101111
00000000000000000110000001010101101010000100110101011000010111010000101011
00000000000000000110000001010100101010000100110001011000010111000000101011
00000000000000000111111110010110100111110010111011000011101100110111100011
00000000000000000111111110010100100111110010111011000011111100110111101011
00000000000000000111111110010100100011110010111011000011111000111111101011
00000000000000000111111110110100100010110010111011000011110000111111101011
00000000000000000111111110110100100110110010111011000011110000111111101010
00000000000000000111111110110100100010110010111011000011110000110111101111
00000000000000000111111110010100100011110010111111000001111001111111101011
00000000000000000111111110010100100011100010111011000011111000111111111011
00000000000000000111111110010100100011100010110011000011111000011111111011
00000000000000000101111111000000011001101100110001110111100001001111110001
00000000000000000101111111000010011001100100110001110111100001001111110001
00000000000000000111111110010100100010100010110011000011111000011111111111
00000000000000000111111110000100100010100010010011000011111000011111111111
00000000000000000111111111000100100010101010010011000011111000001111111111
00000000000000000111111111000100100010101000010011000010111000001111111111
00000000000000000111111101000100100010101010010011000011111000001111111110
00000000000000000111111101000100100010101010010011000001111000001111101110
00000000000000000111111101000100100010101010010011001011111010001111011110
00000000000000000111111101000100100000101010010011000111111000001111110110
00000000000000000111111101000100100000101010110011000011111000001111110110
00000000000000000111111111000100100010101010010011000010111100001111111111
00000000000000000001111110111001011000001100110010011010100000011111000101
00000000000000000111111111000110100010101010010111000010111100000111111111
00000000000000000111111110110100100010100010110011000011111000011011111111
00000000000000000111111110110100100010100010110011000110111000011011111111
00000000000000000111111110110100100010000010110011000011111000010111111111
00000000000000000111111110110100100010001010110011000001111000010111111111
00000000000000000111111110010100100011110010110001000011111000011111110011
00000000000000000111111110010100100011100010100011000011111000011111111010
00000000000000000111111110010100100011110010111011000011111000111100101011
00000000000000000111111110110110100111110010111011000011101100010111100011
00000000000000000110000001011101111010100110110001010000010100010000001110
00000000000000000110000001011111111010100110110011010000010100010100001110
00000000000000000110000001011111111010100110110011010000011010010100001110
00000000000000000001111111001011010100010100001000010011100110000011100101
00000000000000000001111101001011010000010100001000010011100110000001100101
00000000000000000110000001011101111010110110110011010000011010010000001110
00000000000000000110000001011101111010110110010011010000011010010000011110
00000000000000000110000001011101111010110111010111010000011010010000011110
00000000000000000110000001011101111010110111000111110000011010010000011110
00000000000000000110000001011101111010110111000011010000011010010000011100
00000000000000000110000001011101111010110111000101010000011010010000011111
00000000000000000110000001001101011011110111000101010000011010010000011111
00000000000000000110000001001101011011010111010101011000011010010000011111
00000000000000000110000001001101011011010111010100011000011000010000011111
00000000000000000110111101011011110011000000010110111001101010110001011010
00000000000000000110111101011011100011000001010110111001101010110001011010
00000000000000000110111101011011110011000001010110101001101010110001011010
00000000000000000110111101011011110011000001010110101001101010100000011010
00000000000000000110111101011011110011000011010111101001001010100000011010
00000000000000000101000001111101111000110111000101110100011011000001010110
00000000000000000101000001111101111000110111000101110100011011000000011111
00000000000000000101000001111101111100110111000100110100011011010001010110
00000000000000000101000001111101111100110111010100110100010011010001010010
00000000000000000101000001111101111100010111010100110000010011010001110010
00000000000000000011000001110000000010110000111000100111001101010110111001
00000000000000000110000010010000100111010101001110000110001100100001111111
00000000000000000110000010010000100111010101001110000110001100100000011111
00000000000000000110000010010000100111010101001111000110001110100000011011
00000000000000000110011111101001110101010100000010011010101001100100010001
00000000000000000110011111101001010101010100000010010010101001100000010001
00000000000000000110011111101001011101010100000011010010101001100000010011
00000000000000000110000010010000110101010101001110000110001100100001111111
00000000000000000110000010010000110101010101101110000110001100100011111111
00000000000000000110000010010000110001010111101110000110001100100011111111
00000000000000000110000010010010011001010111101110000110001100100011111111
00000000000000000110000010110010001001010111101110000110001100100011111101
00000000000000000111111100110110100111101111110101101100111100111110101001
00000000000000000111111100110111100111101111110101101101111110111110101001
00000000000000000110000010110010001001110111101110000110101100100011111100
00000000000000000110000010110010001001010111101110000110101100101011111111
00000000000000000110000010110010101001010111101110000110101100001011111111
00000000000000000110000010110010101001110111101110000110101100000011111111
00000000000000000110000010110010101000110111101110000100101100000011111101
00000000000000000110000010110010101000110111101110000110101110000011111101
00000000000000000110000010110010101000110111101011000110101110000011111101
00000000000000000110000010110010101000110011101011000110101110000011011101
00000000000000000110000010110010101000110111101110100100101100000111111101
00000000000000000110000010111010101000110111101110100110101100000111111101
00000000000000000110000010111110101000110111101010100110101100000011111101
00000000000000000110000010111010101000110111111010100110101101000011111101
00000000000000000110000010111000101000010111111010100110101101000011111101
00000000000000000110000010111110101001110111101000100110101100000011111101
00000000000000000110000010011111101001110111101000100110101100000011101101
00000000000000000110000010011111101001110011101000100110101100010011101111
00000000000000000110000010011111101001111011101000100111101000010011101111
00000000000000000110000010010010011001111101101110000110001100100011111111
00000000000000000110000010010010111001111101101100000110001100100011111111
00000000000000000110000000010010111001111111101100000110001000100011111111
00000000000000000110000000010010111000111111101100100110001000110011111111
00000000000000000110000000010010111000101111101100100110001000100011111111
00000000000000000110000000010010111010101111101100100110001010100111111111
00000000000000000001111101010110011111010101111110000111110000111100010001
00000000000000000110000010010010101001111101101100100110001100100010111111
00000000000000000110000010011010101001111101101100101110011100100010111111
00000000000000000110000010010010101001111101101100101110011000100010110111
00000000000000000110000010010000110101010101000110000110001100100001111011
00000000000000000110000010010000110101010101000110000110001100101000110011
00000000000000000110000010010000111101010101001110000110001100101000110011
00000000000000000110000010010000111101000101001110000110100100101000110011
00000000000000000110000000010000111101000101001111000110100100101000110011
00000000000000000110000000010000111101000100001111000110101100101000110010
00000000000000000000000001001111011100100110101110100000100000000010010110
00000000000000000111111101111001111100000000111010110101101110101110011010
00000000000000000111111101011001111100000000111010110101101111101110011010
00000000000000000001111101010010001000110111000111101101110010100001100101
00000000000000000111111101011001111100000000111000110101001111101110011010
00000000000000000111111101111001111100000000011000110101001111101110011010
00000000000000000111111101111001011100000000011000110101001110101110011011
00000000000000000111111101111001111100000000010000110001001111101110011010
00000000000000000111111101111001111100000000011000110101001111010110011010
00000000000000000111111101111001111100000000011000110111001111010111011010
00000000000000000111111101111001111100000000001000110101001111101111011010
00000000000000000111111111111101110100000000001000110101001111101111011010
00000000000000000111111101111001111101000000001000110101001101101111011010
00000000000000000111111101111001111100000000001000111101001011101110011010
00000000000000000110000010101011110001111011010011100110110010011111010100
00000000000000000110000010101011110001111011010011000110110011011111010100
00000000000000000110000010101011010001111011110011000110110011011111010101
00000000000000000000000010000000100011000100001110011110100110010100100010
00000000000000000000000010000000100011000100001110011110101110010000100010
00000000000000000111111110110110000100110110110001011101000010100111000001
00000000000000000000000010000000000111000100001110011110101100010000100010
00000000000000000000000010000000000011000100001110011110101100010000100110
00000000000000000000000010000000100001001100001110011110101100010000100110
00000000000000000000000010000000100001000100001110010110101100010000100110
00000000000000000000000011000000100001001100001110000110101100010000100110
00000000000000000000000011000000100000001100001110000110101101010000100110
00000000000000000000000011000000100000001100001110000110101001010010100111
00000000000000000000000001000000100000001100011110000110101000010010100111
00000000000000000110011100101001110100011000001110010100000000110010110110
00000000000000000110011100101001110110011000001110010100010000110010110111
00000000000000000110011100101001110110011001001110010110010000110010110111
00000000000000000000011101111001001100010010100010000100001100110011111101
00000000000000000000011101111001001100110010110010000100001100110011111101
00000000000000000001100010111000000001001000001001011111111101000110110011
00000000000000000000011101111011001100110010110110000100001100110011111101
00000000000000000000011101111111001100110010110110000000000100110011111101
00000000000000000000011101111010001100110010110110010100001100110011111101
00000000000000000000011101111000001100110010110110010100001100100011111100
00000000000000000110011100101001111100011000001110010100000000110110110110
00000000000000000110011100101001111100011000001110010110000000100110110100
00000000000000000110011100101001110100011010001110010110000000100110110100
00000000000000000110011100101001110100011010001110010110100000110110110100
00000000000000000110011100100001110101011010001110010110100000110110110100
00000000000000000000000000001100000011001000011100010010010101010101000010
00000000000000000000000011000000110010001100001110000110101000010010100111
00000000000000000111111100000100010000100111011101000101010000011111011000
00000000000000000110011110001011111010001101111010101101000010011010011111
00000000000000000000000010000000100011000000001110011110101100010001100110
00000000000000000000000010000000100011000100001110010110101100010001100111
00000000000000000000000010000000100011010100001110010110100100010001100111
00000000000000000000000010110010100011000100000110011110100101001100011010
00000000000000000000000010110010100011000100000110001110100111001100011010
00000000000000000000000010110010101011000100001110001110101111001100011010
00000000000000000000000010100010101011001100001110001110101101001100011010
00000000000000000000000000111011101100101110110101000001111111110111100110
00000000000000000000000000111011100100101110110001000001111110110111100110
00000000000000000110000010101011110001111011010011100110100010010111010100
00000000000000000110000010101111110001111011010011100110100010010101010100
00000000000000000110000011101011110101111011010011100110110010011111010100
00000000000000000110000011101011110111111001010011100110110010011111010100
00000000000000000110000011101101111001001000111011100100110100000101000001
00000000000000000110000011101010110111111001010011100110111010011111010000
00000000000000000111111101011001111100000000111000110101001110101111011011
00000000000000000111111111011001101100000000111000110100001110101111011011
00000000000000000111111101011001111100010000111000110101000110101111011011
00000000000000000111111101011001111100000000111000110111001111001110011010
00000000000000000001111111001000000001000111110110110101101011100110101001
00000000000000000111111101011101111100000000101000111111001111001110011010
00000000000000000111111111011101011101001100100110101001110011011110111100
00000000000000000110000010010010100111010101000110000110001100000001111111
00000000000000000110000010011000100111010101001110000110001100100101111110
00000000000000000110000010011010100111010101001110000010001100100101111110
00000000000000000110000010011010100111010001001010000010001100100101111110
00000000000000000110000010011010100111010111001110000010011100100101111100
00000000000000000001111111000011011011010111111100110101110011101011100110
00000000000000000111111101111001011010101000010010110011011111001000011010
00000000000000000111111111111001011010101000010010110011011110001000001010
00000000000000000111111110111001011010101000010010100011011110001000001010
00000000000000000111111110111001011000101000010010100010011110001000001010
00000000000000000111111110111001011000101000000010100010011110001000001011
00000000000000000111111110111001011000101000001010100010011010001000001001
00000000000000000111111110111001011000101000010000100010011110001100001010
00000000000000000111111110111001011010101001010010100011011100001000001010
00000000000000000110111110111001001010101000010010011011010100001010001010
00000000000000000111111110111001011010101000010010110011011110001000001110
00000000000000000111111110111001011010101000010010110011011111000001001110
00000000000000000001100011011000001110111000011110111111011010111101111001
00000000000000000001100011011000001110111000011110111110011010111101011001
00000000000000000111111110111001011000101000010010010011011111001001001110
00000000000000000111111110111001001000101000010010010001011111001101001110
00000000000000000110000001101001000101010010001001001110110110111100101000
00000000000000000110000001101001000101010110001001001110110110011100101000
00000000000000000111111110110001000000100110010010011101001111101101100110
00000000000000000111111110010001000000100110010010011001001111101101100110
00000000000000000111111110010001000001100110010010011001001101101100100110
00000000000000000111111110010001000001100110010110011001001101101110100110
00000000000000000000000000001000011001001110000010111011010011110000101000
00000000000000000111111110111001011000001000010010010001011111001101001110
00000000000000000110000011010001000111100000000011010001101110110000111110
00000000000000000110000011010011000111100000100011010001101110110000101110
00000000000000000111111110111001011010101000010111110011011110001000001010
00000000000000000111100010111101011011011110000100011010101110100001011110
00000000000000000111100010110101011011011110000000011010101110000001011110
00000000000000000111100010110100011011011110000000010010101110000001011111
00000000000000000111100010110100011011011110000000010010101110100101111111
00000000000000000111100010010100011011011010000000010010101100000001011111
00000000000000000111100010010000011111011010000000010010101100000001010111
00000000000000000110000000111000011110010010101001001111010011000111100100
00000000000000000110000000101001011110010010101001001111010011000111100100
00000000000000000001100001100010110101101101101011010100010010000010101010
00000000000000000111100000010000011101011010000010010010101100000001010111
00000000000000000001100000011011111101101111101111001010111011101110101000
00000000000000000001100010000000010010000011000000110010100001111010000110
00000000000000000001100011011101100001001000010100000000110001100000010101
00000000000000000001100010101101100001001000010100000000110001100000010101
00000000000000000001100010100101101111101101111111001010101000001110000000
00000000000000000111111100111001011010101000010111110011010110001000001010
00000000000000000001111100101001100111100100001000010101111010100000111000
00000000000000000001111110101001100111100000001000010101111110100000111000
00000000000000000111111101111001011000101000010010010011011111001000011010
00000000000000000000000011001111011100011010100011001110011101101111010011
00000000000000000000000011001111010100011110100011001110011101101111010011
00000000000000000000011101111100000001111011000001110110000001111011011001
00000000000000000000000011001111010100011110100001001110001101101111010011
00000000000000000110000010010010100111111100010010011110001001111111001101
00000000000000000000011100110010110010101000010000001100100000011111011100
00000000000000000000011100110010110010101000010000001100100000011011010100
00000000000000000000011100110010110010101000010000001000000000011011010100
00000000000000000110011110100000000011010111111100001010101100111000101011
00000000000000000000100001000001000100010100111011010001011101011100111011
00000000000000000000100001000001000100010000111011010001010101011100111011
00000000000000000000111100111010001001100010001101010101111001101111000010
00000000000000000110011110100000000011010110111100000010101101111000101011
00000000000000000110000011011011001110100100011010000010101001001011010110
00000000000000000110011110100000000011010101111101001010101100111000101011
00000000000000000000111100000010110001011011110010010111000101111011010100
00000000000000000000111100000010110001011011110010110111000001111011110100
00000000000000000000111101001011110001011011110010110111000001111011110100
00000000000000000110011111100001111110101011001001110001011011100010011010
00000000000000000000111100001010110001011011110010010111010101111011000100
00000000000000000110000011011010100111010111001110010010011100100101111100
00000000000000000110000011010010100011010111001110010010011100100101111100
00000000000000000110000011010000100011010111001110010011010100100101111100
00000000000000000110000011010000100011010011001110010011010100100101111110
00000000000000000110000011010000100011010111001110010111010100000101111000
00000000000000000000000010001111011001110001111111000111001110010001111110
00000000000000000000000010001111111001110001111111001111001110010001111100
00000000000000000000011101001011100010110101001001010101010101001000011011
00000000000000000001111100011001011000011111010010010000100010011111100000
00000000000000000110000001011101111010110110110010010000111010000000001110
00000000000000000110000001011101111010000110110001010000010000010000000110
00000000000000000110000001001101110010000010100000010000011101000001001010
00000000000000001011000000010000001010110101101101100100000110000001010101
00000000000000001000000000000000000000000000000000000010001000100000000000
00000000000000001000000000000010000000000100000000000010001000100000000000
00000000000000001000000000000010000000010100000000000010001000100000000100
00000000000000001000000000000010000100000000000000000010001000100000000000
00000000000000001000000000000010000000000000100000000010001000100000000000
00000000000000001000000000000010000000001000100000000010001000100000000100
00000000000000001000100001100010111000001010100000011110111000000000001100
00000000000000001000000000000010000100000000000100100010001000100000000010
00000000000000001000011010111001011101100101011001101010010001101101111000
00000000000000001000011000111001011101100101011001101010010001101101111010
00000000000000001000011000011001011101100101001001101010010001001101111010
00000000000000001000011000011001011101100101011001101010010001001101101010
00000000000000001110011010001001001000110000000011101100011101001100000101
00000000000000001110011010101001001100110000000011101100011101001100000101
00000000000000001000011000111011110101011101101111101110010001101111111010
00000000000000001000011001111111110101011101101111101110010001101111110010
00000000000000001000011000111001001101100101011001101010110001111101111010
00000000000000001000011000110001001101100101011001101010110001111101111011
00000000000000001000000000000010100100000000000000001010001000100000000000
00000000000000001000000000000010100100000000000000001010101000100100000000
00000000000000001000000000100010100100000010000000001010100000100100000000
00000000000000001001111111101001110000011110001000010001000110101111100101
00000000000000001111111111110000000010001000111101001001010100111000001010
00000000000000001001111100011011110111110011101110101111100110100101111110
00000000000000001110011100000100110111100101111011101011110111100010100001
00000000000000001000000001000010101100000000000000001010001000100000010000
00000000000000001111111110000110001110101010010010001001111000101110101111
00000000000000001111111110100110011110101010010010001001111000101110101101
00000000000000001111100001101000111100010100010101100011011100011001101110
00000000000000001110100010000101001111100101000000001101000010100100001111
00000000000000001110100010000101001111100101000000011101000110100101001111
00000000000000001001011111000001101101001111010011010000111100101010010001
00000000000000001001011111000011101101001111110011010000110100101010010001
00000000000000001110100010000101001111100101000000011101001110100100001111
00000000000000001111100001101000111100011100010100100011011100011001101010
00000000000000001000000000000011100100000000000000101010001000100000000000
00000000000000001011000000010000001000110101101101100100000100000101010101
00000000000000001101011111111001111101100001101111111110101111100101100100
00000000000000001101011111111001111101000001101110111110101101100101100100
00000000000000001101011111111000111101100001101101111110101111100111100100
00000000000000001101011111111000111101100001101101111110101111100110100101
00000000000000001101011111110000111101100011101101111110101111100110100101
00000000000000001101011111111010111101101001101101111110101111100110100100
00000000000000001101011111111010110101101001101100111110101111100110100110
00000000000000001101011111100010110101101001101100111100101111100110100110
00000000000000001101011111111010111101100001101100111110101111100110000101
00000000000000000011000111010000011100000100111011010010110010000011101101
00000000000000000101000111101111100110100110000110101011100100010101000010
00000000000000000100111011110111111110111011010100111011000110001010100011
00000000000000000100111011110111111110111011010100111111000110001011100011
00000000000000000100111011110111111110101011010100011111000110001011100111
00000000000000001011000000010000001010110001101101100110000110000001010101
00000000000000010100111000101110000011011010100011100001001010101100010001
00000000000000010000000000000010000001000000100000000000000000000000000000
00000000000000010000000000000010010001000000100010000000000000010000000000
00000000000000010111111111011111000100001100000100101001110011001110111101
00000000000000010111111110011111000000001100010100101001110011001110111101
00000000000000010001100001100000111101011111001000010010001001001001111000
00000000000000010001100001100000011101011111101000010010101001001001111000
00000000000000000001100011010000111110000010110000111010010001111010011000
00000000000000000001100001010000111110000010100000111010010001111010011000
00000000000000000110011100101001000011000010101001001111011100010100000010
00000000000000010001100011100000111001011111001000010010001001001001111000
00000000000000010001111111110101101100011111100000011010111001101101001111
00000000000000010001100011110000111001011111001000110010001001001001111001
00000000000000010001100011000010110101111010010110100010001011001111011001
00000000000000010001100011100010110101111110010110100010001011000111011001
00000000000000010001100001100001111101011111001000010010101001001001110000
00000000000000010001100001100001111101011111010000010010101001001001110010
00000000000000000110000011001000110010000010111100110000111111000001000001
00000000000000011100111110011001000000111110000001101100000110101111010111
00000000000000011011000011100010111010010010011001100001101011111101101110
00000000000000010111111110110110100011000010011011000110111000011011111111
00000000000000111101000010101111001001010000111001100001110110111100100100
00000000000000111101011110011111010011010001101011100101010101100111110000
00000000000000111011100010100110001001001000010100110110001101110010000010
00000000000000111011100010100110001000001000000100110110001101110010000010
00000000000000110101000010111111001001010000111001100001110110111000101100
00000000000000110011000010001001000001100101100101101001000100110000111001
00000000000000110100100011010010001101010000111010001011000000010101010110
00000000000000110101000001010010011011010011111010111001000001101111010000
00000000000000110100100011010010001101010000111010001011100010010101010110
00000000000000111010111100010110010011111000101010010010101001111101100010
00000000000001110011011101100101011001111011000001111010110010111011011101
00000000000001000111111110001011101001010110101011001010011110001110100100
00000000000001000111111110011011101001010100101011001010011111001110100100
00000000000011001011111111011100101011101011001110100100011010110001010011
00000000000010000000000000000000000010000000000000000000000100000000000000
00000000000010000000000000000100000110000000000000000000000100000000000000
00000000000010000000000000000100000010000000000000000010000100000000000100
00000000000010000001111101010010011001010101111110100111110100111100010011
00000000000010000111111101011111100111101011100001100110101110111000001001
00000000000010000001111101010010011001000101111110100110110110111100010011
00000000000000000001111101010110010001000101111110100110110010111100010011
00000000000010001100000010001110010100011001110010100111111110000000000110
00000000000010001100000010001110010100011001111000000111111110000000000110
00000000000010001100000010001110010100011001111000000111111111000000001110
00000000000010001100000000001110010100011001011000000111101111000000001110
00000000000010001101111110001010010011100111001011111110011111100101000010
00000000000000011001000101101101101111111100001100000110111011110111011000
00000000000000011001000101101101101111111100001100100110011011110111011000
00000000000000011000100110110101100000000100010010011011000001001010100101
00000000000000011000100110110101100010000100010010001011000101001010100101
00000000000000011001000101111101111111101100001100000110111011110111011000
00000000000000001000100100011101000010110011000101010100010010111111101000
00000000000010001101111110001010010011110111001011111100011111100101010010
00000000000010001011111100111000111011000100100101111000100011100110101111
00000000000010001011111100111000111011000100100101111000100011100110101010
00000000000010001100000010001100010100011001111000000111011111000100001110
00000000000010001011111111110101101100011001100010110010010000010010010100
00000000000010001101111110001000010010011100101101000010011111010000000010
00000000000000001101111111011100001101001100000110100000001111111110011100
00000000000000001011111111100001110111101011110011111001011101100110110111
00000000000000001011111111100001110110100011110011111001011101100010110111
00000000000000001101111111011100001100001100000110100100001111111110011100
00000000000100001010111110111111100111001101011101011001111101100100101001
00000000000100000000000011011101101001101001111100101000110001011110100110
00000000000100001010111111111111100111001101010101011001111101100101101001
00000000000100001010111111111111100111001101011101011001111101100001101001
00000000000100001010111111111111000111001101011101011001111101100001101101
00000000000100001010111111111011100111001101010001011001111101100101101001
00000000000100001110111101101000100000101101110010001100010010010101000101
00000000000100001010111110110111100111011101011101111001111101100100101001
00000000000100001010111110110111101111011101011111111001111101100100101001
00000000001110011011000000111110111000111000011000100000010001000100101001
00000000001000000001111110000100101111111010011010001011110000110101000100
00000000001000000001111110000100101110111010011010011011110000010101000100
00000000001000000001111100000100101110111010011010011011110000010101000000
00000000001000000001111100000100100110111110011010011001110000010101000000
00000000001000000000111100000101100110111110011010110101101000010101010000
00000000001000001110000000000010100001010000001000000010001010011011001011
00000000001000001011111111000000111000110100111001100101111011010100111010
00000000001000001110000010000010000010000100010110010000101110001010101100
00000000001000001110000010000010000010000100010110010000101110001010010100
00000000001000000001111110010100101111111010011010001011110000110101100100
00000000001000000001111110010100111111111010111010001010110000110101100100
00000000001000000001111110010100111111111010111010011010110000010101100101
00000000001000000001111110010100111111111010101010111010110000010101100101
00000000001000000001111110010100111111110010101010111010100100010101100101
00000000001100000101000110111110101000110000000010101001010011000011100000
00000000001000010000000001100001010111100101001010100100001001111000101110
00000000001000000001111110011100111111111010111010011010110000000101100111
00000000001000000001111110011100111110111010111011011010110000000101100111
00000000001000000001111110011100111110111010111011011000110010000101100111
00000000001000000010011000110011011000111011110000001011100011111100111100
00000000001000000001111101010100111111111010111010011010110000110101100100
00000000001000000111111100000101000101110000011110001010101101110100100100
00000000001000111100100001000011011011110100100101101001110010101000010001
00000000000110101110011001100010110011001000110010101000010010100101001100
00000000001000111100100001011111011000111100111011111011100111111101010011
00000000001000111100100001011111011000110100111011111011111111111101010011
00000000001000111110100000100011110100011110011011001011001110000111011010
00000000001000000011000010010110010000101111111010011110000000001000101010
00000000001000000011000010011110010000001111111000011110000000001000101010
00000000001000000111111100000001000101110000011100001010101101110100100100
00000000001000000001111110011110001101000100101111010111001011100011111110
00000000001000000001111110011110001101000100101101010011001011100011111110
00000000001000000111111100001101000111110000011110001010101101110100100101
00000000001000000111111100001101000111010000011110001110101101110100100101
00000000001000000111111100101101000111010000011110001010101101110100100101
00000000001000000111111100101101000111110000011110101010101101010100100101
00000000001000000111111100101101000101110000011110101010101100010100100101
00000000001000000111111110101111000101110000011110101010101100010100100001
00000000000000010111111111011100001101010001100100001001100101101100101010
00000000001000000111111100101101000111110000011110101110101101010100110101
00000000001000000111111100101101010111110000011110101010101101010100110100
00000000001000000001100011101101110101001011000111000011110110000001100101
00000000001000000000000001000000010100000011010011010011000111100001110100
00000000001000000000000001000000010100100011010011010011000111100101110100
00000000000000000001011101111001001011000001011011011110011010111101010111
00000000001000000110000011000010010011011111000001001101001110011010110001
00000000001000000000000001000000110101000001010011010011000111100001110100
00000000001000000000000001000000010101000001010111010011000111100001110100
00000000001000000111111110000100110111101011100100010000111111101110000010
00000000001000000111111110000100010110101011100100010000111111101110000010
00000000001000000111111110000100010110100011100100010000011111101110000010
00000000001000000001111110001011101101000000011101001000001001111000101101
00000000001000000111111110000100011110101011100100010010111111101010000010
00000000001000000111111100101101000111010100010111001110000101111011110001
00000000001000000111111100101101000010010100010111001110000101111011110001
00000000001000000111111110000100001110101011100100010010111111101011000010
00000000001010000101111101010001011101001111001110101100001100111011101010
00000000000010011001011010011101110000001011010110101110001100110100110100
00000000000010011001011010010101111000001011010110101110001100110100110100
00000000000010011111011000001110010001111100111110001000101000110111011001
00000000000001011001011010010100100111101110000100111111100010110001110001
00000000000001010011111010011100111101110111010010101010111011100100011110
00000000000001000101111011000110011001011110111011000010001010001010100010
00000000000001010011111010011100111101110111010010101010110011101100010110
00000000000010010111011000001100010001111000111110001010000000010011011001
00000000000010011111011010001110010001111100101110001000101000110101011001
00000000000010011111011010011110010001111100101110001000101000010101011101
00000000000010011001011011000001101011011010011101011000111010000101010001
00000000000010011001011011000001101011001010011101011001111000000101010001
00000000001010011001011010000001110110001011001010001010101111100100100101
00000000000010011000111001000100000111000011111111101011011110100100010001
00000000001011101100011010001010100001110010001100100000110010000010000110
00000000001011101010011000011010011100110101000010100110011110101010110101
00000000000010011111011011001110010001111100100110001000101000010101011001
00000000001110010000011001000101010011000001010001101011100001100010000111
00000000000010011110100101010110010110001110110100010011010001100100010111
00000000000010011111011010001110010001111101100111001000101000110101011001
00000000000010011100011101110100001101011100011100111001111010110111110100
00000000000010011010011111011011111100100111000111011111011000100110100000
00000000000010011011100001001101010111100100001011000010101100111011111110
00000000000000011010011100011111001110100011110101000100011010000111101101
00000000000010011011100001001101010111100100001011000010110000111011111110
00000000000010011000100101010111111101011101011111101100100110011010000110
00000000000010011111011010001110010001111100111010001000101000110111011001
00000000000010001101000001011101110001011110101100110110010010001001011010
00000000000010011001011010011101111000001011010110101110001100110100100100
00000000000110010101100110100110010100010001001011101000101010010100101111
00000000000110010101111010000011010101100111000010000001011010110101111011
00000000000110010101111010000011010101100111000010010001011010111101111011
00000000001110101110100110100110110001010000110001110101110100100010111010
00000000000110010101100110100110011100000001101011101000101010010100101111
00000000000110010010011000100000111110101001111100101010010111010011010000
00000000001000001011011110111010111110110000001011110110100011111011111110
00000000000010010010000100111010001000111111000001111100001100010111011011
00000000001000000111111110000110001111101011100100010010111111101011000010
00000000001000000000000001000001010100000011000011010011000111100001111100
00000000000010011110100101110110100110111100111000000100101010100010011010
00000000001000011110111001000000111000001100010010001100100110100011101000
00000000001000011110111001000000111010100100010010001100100110100011101000
00000000001110001010111110011110111101100000111000111000100110010110100101
00000000001110001010111110011110111101100000111000111000100110010110000001
00000000001110001010111111011110111101100000111000111000100110110110000001
00000000001110001010000011011100101100101011000010010101010000000110010001
00000000001000011111100111010101001011101011010110101011000010100101001100
00000000001000011110111001000000111100001100011010001100100100100011101000
00000000001000010110111001000010110110111000011010001110101100000011101100
00000000001000101011100101011101100101101001100001100011111001100100111100
00000000001000101011100111011101100101111001100001100011110001100100111100
00000000001000101011100111010101100101111001110001100011110001000100111100
00000000001000101011100111010101101101111000110001100011110001000000111100
00000000001000111101011110101001100010010110100110100100011111100111001110
00000000001000111101010110101001101010010100100110000100011111100111001110
00000000000010011010001001111011000001011101001010001010010010111111100100
00000000000010001011110100001110101101000010101010010000101111010010001011
00000000000010001011110101001110101101000010101110010000101111010010011011
00000000000010011010001001111011000001001101001011001010010110111111100100
00000000000010011010110110100000110000010110111001111101010111000100010000
00000000000010011010110110100000110100010110011001111101010111000110010000
00000000000010011010110110100000110100010010011000111101010111000110010000
00000000000010001000001111010000010110111100101011111111000000011101111111
00000000000100101111001011010010111000000000110010001001111100001001001010
00000000000110111000010011011110101001101000001100000011001100011010010011
00000000000100101001001001100000110101010110011100001111110000101010110111
00000000000010001000001111010000010100111100101011111011000000011101111101
00000000000010001000001111010000010100111100101011111011000000011100111001
00000000000000101010000001100000001111100111110010000010111100101000000011
00000000000000101010000010011111101100011101000000010111000100001011100111
00000000000000101010000001100000001111100111110110100110111100101000000011
00000000000100101111011011100000000000100010111000001010100010101010000001
00000000001000101011100111010101100101111101110001100011010001000100111000
00000000001000010100111000010110000100011010011010101010110101010111100110
00000000001000010101000110010010001011100000000011110001000100100010101010
00000000001000010101000110010010011011100000000111110001000101100010101010
00000000001000010110111001000010110111111000011010001010101100000011111100
00000000001000010110111001000010110001111000011010001010101100000011111100
00000000001000011110111001000010111000001100010010000100100110100011101000
00000000001000000000000000111000100000011111101011110111010011001010001110
00000000001000000001111101011100111111111010111010011011110000110101000100
00000000001000000000000010011000011101011100011001011010111011101000000100
00000000001000000001111101011100111111111010111010111010110100110101100100
00000000001000000001111110000100101111111010011010001101110000110101100100
00000000001110011101000010101100000000000111110100000110010001110111010110
00000000000110011101000011111001111100101010111000011011011000011101110110
00000000001110000011111010111001001000100110100010010111111100111110111110
00000000000110001010111110110101110101111001001010100001010110100110000000
00000000000010000100001001000011111001010010110001110000111001000010010100
00000000000010000100001001000011111001010100110001110000111001000010110100
00000000001110011010000110001010111110100010100001110010101100110101000101
00000000001110011010000110001010011110100010100001110110101100110101000101
00000000001110011010000110011010011110100010100001110110101100110101100101
00000000010010110001010111001010000010101100011000011001001111100011001100
00000000010000000000000000010000000000000000000000000000001000000000000000
00000000010000000000000000010000000000001000000000000000001000000000000001
00000000011000000111111100111101000111010000011110011010110101110100100101
00000000011000001101100011010001111000100010011011101111010001010001110010
00000000010000001101011111101000111001100001101101111110101111100110100100
00000000011001011011001111010101011110011001011010111111010001001001111001
00000000010111100100110000000110110101100011011010001001001001010000100100
00000000010111100100110010000110010100100110010101011111100101000000000010
00000000010111100100110010000111010100100110110101011111110101000000000010
00000000010111100100110010000111010100100111110101001111110101000000000010
00000000010101000111000100011000101111011110100100111001111011010100011011
00000000001100011100001011001101110001000110111110000110101010011100100010
00000000010111100100001110100101000110011111000110100001110100011000010100
00000000001111101000010000110010010010111101000010011011111111010011000011
00000000010000101101010101100110001010110000111110001110100010110111111100
00000000101111100101001110001101111010011001001010011010010011000010010111
00000000100000000000000000000000000010010000000000000000000000000000000000
00000000100000000000000000001011011111110010111010011110110000100111001100
00000000101111100101001110001100111010010001001011011010010011000010010111
00000000101111100101001110001101111010010001001011011010110011000010011111
00000000101111100011001110010000001000110011101111001010101110110010011101
00000000101111100011001110010000001000110011101111101010101110110000011101
00000000101111100011001110010000011000110011101111100010101110110001011101
00000000100001010111110110111101010100100001001000110110111000100000010111
00000000101101110010010110000001101011100001111101010000010011010001001010
00000000101101110100010100010011110010110110010011010110011101111010110101
00000000100111100000001011011010011100110000011011101111010111101111001100
00000000100111100001110111110100011000100001100010101110100011011101001101
00000000101101110010010110001001101011100101111101010000010010010001001010
00000000101101110010010110001001001011110101111101010000010010110001001010
00000000101101110010010110001001101011100101111100010000010010110001001010
00000000101101110011101011011000110010010111100010011011100001000100100100
00000000101101111011001111110101010100001111001011000100110111101010001111
00000000101101110011101011111100110010010111100010011011100001000100100100
00000000101101110011101011111101110010010111101010011011100000000100100100
00000000101011001011111000101011011011111111100100011000101100011110110111
00000000101011001100000101010010100111111111111100101101100011000001101101
00000000101011001011111001101001011011111111100100011000101100011110110110
00000000100011011010000100000101010010001100111010110111111101011111000011
00000000110110011101000000011001111101010010011110001111000110001011011000
00000000110110011011011101111000101001000010010010010010010010111110101011
00000000011001100010110100000100101110111100001101110000010000111101110100
00000000110110011101000000011001111101010010011110001111000100000011011000
00000000110110011011000011111011010110011010101110010111000111111001111110
00000000110110011011000011111011010111011010001110000111000111111001111110
00000000111110011000111111110011011010100000110111001101101010001000010000
00000000110110010011011110011100111000100000101111010000100001011001011001
00000000110110011101000000011001111101010010001111001111000100000011011000
00000000110110001100111100001001000111100011001110000000011101101001110101
00000000110100011010101001111100000110101001101111011101011101111101100101
00000000101101110010010110000001101011100001111001010000110011010001001010
00000000101101110010010110000000101011100001111001010001110001010001001010
00000000100111101101110101000100100111001010011110110110011100010000010001
00000000100111101101110101010100100111001011011110110110011100010000010001
00000000011001010100110100010000100010100011101111101001110101110100111000
00000000010011100111010111011110101011010010111100010011111100110111100011
00000000010011100111010111011110101011010110111100010011111110110111100011
00000000010011100111010111011110111010010010111100010011111110110111100011
00000000010011100111010111011110101011000110011100010011111110110111000011
00000000011011100111001011110011011100000100111000101000010000011110001011
00000000010011100111010111011110101011000110011100010001111010111111000011
00000000010011100111010111011110101011010110111100110010111100110111100011
00000000011111110110101101111010010010101010110011110111001010110101101101
00000000011111110110101101111010010011101000110011110111001010110101101101
00000000011111110110101111111010010010101010111010110111001010110101101101
00000000010011100111010111011110101011010110111100110010111100110111000001
00000000010011100111010111011110101011010110111100110010111100100010000001
00000000110011100111010101110111011111100000001000100010100001011000010111
00000000110011110111000110010100101001110101011100100011001111111001011110
00000000100111101011110111000100011011011111010001110000010000111000100010
00000000100111101010001000001111101111001011011001100011110110011011000111
00000000100111101010001000001111101111001011011001100011110111011011000011
00000000100001100001110111001111000011011110011011100001110010001111000011
00000000100101110011010010010011100010000010001111011100110110110010100100
00000001100111100010010000111111000011000000000010000001110010100000110100
00000001000000000000000000000000100000000000000000000000010000000000000100
00000001000000001010100010100000100001010001010101001011010000001011111010
00000001000000001101011101110100000110101011101110001000101100101100010001
00000001001000110111111100000010000000000101111100111110011000011110100110
00000001001110000001111101000110011010101010101011000100110101111000010111
00000001001110000001111101000110011010101010111011000000110101111000010111
00000001001110000001111101000110011011101010111011000000110101011000010111
00000001001110000111100001101111100110110010100101010100110101001110110001
00000001001110000001111101000100011010101010111011000000110101111000010011
00000001001110000001111101000110011110101010110011000000110101111000010111
00000001101111010010010101000111100011100110011100101100011000111011100010
00000001100101000000010111011011111110001000001001000010101000010111000000
00000001011110111000100000001010110110010010100011010101110010001111101101
00000001000000001010100010110100100001010001010101001011010000001011111010
00000001000000001010100010110100100001110001010101000011010000001001111010
00000001001000000001011100011000000011111001011000010000101000000100000001
00000001001010001010100001111010111111000111000111010001100111111001110001
00000001001000000001011100011000000011111011011000010100101000001100000001
00000001000000000000000000000000000000000000100000000000010000000000000101
00000011110100111101100110011101111100111001010110101101111111111001010100
00000011110110111111110011111000110011011100100000001001011010011000011011
00000010111100101101101111100010101100000111101101100001111000101001000000
00000010010111101101001110000110011111101110101001111001001010110100101101
00000010010111100101001100000101111011101110101000110011000010010100101101
00000010010101110000110010100011001010110100110001101011110111111101000101
00000010010101110000110001100001001010110000111001001010110111111010000101
00000010010101110000110001100001001010110100111001101010110111111010000111
00000110010110011010101110010010111001011100010001111100101010110110110010
00000100000000011000000001011011010101101001100111011100110100010010011110
00000100000000011000000001001011010101101001100111011110110100010010011110
00000100000000011000000001001011010101101001100111011110100100010000011110
00000100000000000000000000000000001001000000000000000000000000000000000000
00001100000000011001111111000000001110011100100001010111001010111001011110
00010100011111100000010001010011011010110110101100000101100110000111101011
00100010111110011010011111111101010000000001001100011111001101001000100010
00100000000100101001001000100000110101110110011100011111110000101010110111
00100000000100101001001000100000110111110010011100011111110000101010110111
00100000101000000101000000111000100111010111100101000000111101000111111010
00100000000100011010111110011000011011101110111011100001101001011011000101
00100000000100011010111110111010011011101110111011100001101001011011000001
00100000000100011111011101100010010101111010000011100100000001100100111111
00100000100100001100111001000001011111100010011010110101001101010000110100
00100000100100001100111001000011011111100010011010110111001001010000110100
00100000100100001010111000011110100101010100011100000111010011000000101010
00100010000011000111010111111100101110001011110111000101011100000110011010
00100000000100011111011101100010010101111010000001100100000001100100111110
00100000000100011111011101101010010101111010000001100100000001110100111110
00100000000100011010111110011010011011101110111011100001101001011011000100
00100000000100011010111100001010011011101110111011100001101001011011000100
01100010000011010000101011000001010100101011010101011101111000110000101000
01000000010011100111110011010110010110111010001001011100110011010000001010
01100010000011010000101011000001010101101011010101011101011000110000101000
11100010001011001001101100010111001000111111111100010010011010100100100011
10000000001000000011000111110000000001010011000010101001100011100100111010
10000000001000000011000111110000010001010001000010101001100011100100111010
10000001000000001101111000010100101101001110001000111010110001010000111011
10000001000000001101111000010100101001001110101000111010110001010000111011
10000001000100011111110010011111111011000000001110111010011001010110101011
10000001000100011111110010011111110111000000001110111010011000010110101011
10000001000100011111000110111000111110110001000000011100101100101010100011
10000001000100011111011000111010100011111100100001001111101011111010000001
10000001000100011111000110111000111110110101000000001100101101101010100011
10100001100101000101100010111011001100010001100000001010001001000000110110
10100001100101000101100010111011001100110001100010001010000001000000110110
11100001011001101001000010011111010000001111001010001001101110000111001100
11000010110110110110000011100110110111010011010110011111100101110011111000
10100001100101000101011110111101001101100111110111100011111000100001110010
10100001100101000101011110111101001101101011110111100011110000100001110010
10000101001101011000011111001110111111010101110101111101001001110010010110
10000101001101011000011111001110101111010101110101111101001001111010010110
10000001001001110011100000111001110110101111010111001100111000000100101010
10000001000001001101000000010010000010110001001100010111110110000001110000
10000001000000010010100011010011001101100000010101101001101000100100110001
10000001011111100100001100100001011111001010101111011110100010010011011000
10000001011111100100001101000101011111011110010110010100101001100100111101
10000001100011010111100000101111011100111110000000110000100001001011101001
10000000001000000011000111010000000001010011000010001000100011100100111010
10000001001000000011000111010000000001010011000010101100000011100100111010
10000000001000110001001011100101011001010011000101001110010011111000010110
10000000001000110001001011100101011001010011000101000110011011111000010110
10000000001000111100010100010101100100110000101000111010110000011110110011
10000000001000110001001011110101011001000011000101001110010011111000010110
00000001100001001001100111010010011011100110101101010100001110100100111000
10100000001100011010100001110010011001111011000000001101111100001001010011
10100000001101000011111011100110111110010001000100111010011110111000100010
10100000001101000101100100111010100101011110101000001011100100100111101010
10100000010010110010101000100010000110011011110000101000111100010000101101
10100000001111011001110010011101111111010100001111110000001100000111000110
10100000001101011111010111100101100010101100000111111100000001011101000100
11100000011100111010000001001011101011101110000110101100101111010111001100
01100111010111001001011100100000010011000100111000001110010101101111001011
01100110110010111011001000110111110011111100010111010000000011100000010011
11000111111100001111101101000101010110000111001001001001011110111111011101
11100000011100110111000000101011001001110110110001110001110110111101000001
01100001001011110110100001100100010100001110000001001110101111010011101011
01100001100110001101001001011010001010011001100010010101001111110110001110
01000001101010110000001000111111111000110101111010111110101010110110001010
01000001101010110010010100011001000110001101000100111110100111010001111101
01000001101010110010010100001001000110000101000100111110100111010000111101
01000001101010111010101010001100101100011000111001001011100100101011011010
01100001000011110110011100000101100001111100111111001100001111000100010100
10100000001111011000001111001111100111100011001000001101111110100110100011
10100000110001000101001101011000111110001110100011001001001000111001011101
10100000110001000101001101011000111110001110100011011000001100111001011101
10100001101000010110100101000100010001010101011101100111010111010111111110
01100101001110101100100011100101110111011101010101000001001001110001101110
01100101000110010000010101010111100000000010011100001111101101111000001000
01100101000100001000101100110011100111000011100011100100111011011100011001
01100101001011100000111100000001110101111110100001111111000111001111011010
10100001001101101101011001001010011001010100100011011000101110101101100101
10100001100000011111111010000100010011110101001010100110111110011000000011
10100001111111110111100011011001011010001000000011110100001100110110110011
10100001100000011111111001001011001111101111101001101000100011110011010100
10100001111111010110101110011110000100001010101011101101100101010010001000
10100001100000011001100100110000011010010010110100101110010011111000011000
01000010101111001000011110110001110010010001011110010000010001000101001011
01000010101111001000011110110000110010011001011110010000010001000111001011
10110001100110011100110110111011000100010110101110011001001110010111101110
01010001001110101101100000100110001101000000011011001000101100010111111100
11000010101111101111010100011111001101010010101110101110101110111101001110
01000010101111001000011110110001110011010001011010010000010001000101001011
00100011011000001100000011100110010110111100111101101111100001100011000001
00100011011100010000011010001011010111111111100000001100000111111001111001
10000000000000010100001111111011110100001111011010100010101000110010000100
10000000000000010100001111111011110100001111111010100010101010110010000100
10000000001000110001001011110101011011000011010101001100010011111000010110
10000000001000110010001101000110001111010010000010110010101100111101000011
10000000011011000011001001110111101001110100011111110011010001011011010101
11100010001011001111101111001010010011000100110001010100101100100100010001
11100010001011001000010000101100100100011000000110011011010100000000100001
11100010000011001110100000100011011100000100101011000111110000010101110111
00100010111011100101111000110100011000011011011011000011101011100000101101
00100101000100110011110101000011110110100000011111111000110111011001110110
01000011111000011101100101000010110101000101010010010100100010101010000110
11100010101100111011101101100111011111111010010011011110010001100100010011
01000011001100101010010101110101100000010111010110100010101011010110001101
01000011001100101010010101110001100000010111010110100010101011011110000101
00100010000111011100110100010011110100011001011111101000000100000101100110
01100011010111111100011111100000100100000001101000000101000101001110010110
01100010110000101011010010110101001010101100011001001101000101001100011100
01100010011001111011111110001111000010110011001101010001110000000000110011
10100001111001100101110111111011010100101001111000010111000100010010001110
01100010011001111101111110010010111000000110001000000001101110010000101100
11000000011111111001000001000001000111111110100101001010111001110110110111
01100000011001111011111110001111000000110011001101010001110000110000110011
01000011110101011110001101001110101010001100010110001010100111011100101111
01000010111011011111110000001000110001100111101001001010010010000100111000
00010111110010110100110001101111110100111110010010101100000111111001111101
01100000011001101100000000010010000000111111011001111100000011111110001110
01100000011001111011111110001111000010110011001101010001010000110000100011
00100100010000011011010000000000111100010001010001110000110101111100101110
01000001001100011101111110001000110101101111101000011101010011100110100011
10100100101000001101111001110111000111100010000100110100111011000011011011
01100101010100111111011100000010011111011001011110101010001000110011110001
01100101011100101001011111101101011010110001111111010000110000001111001100
10100100101000001101111001010111000111100010000100110100111011000011010010
00000101101010100000000101110100010001100010110100110101110100111011011000
11110010111101101101001011110110001101110101001111001001001111000010100110
01010010111010010101010000010110101001000001100110101110110001011101101100
01000011001100101010010111110101100000010111010110100010101011010010001101
01000011100011110010100010000011100010100000011111000101100011100110010101
10100010100010110011011011101011010010000100101100110000001100101001101101
10000000011001000100110111111011001001001111010110001100011100011000110110
01100011110101010101100101000001101100111110011001000100011110000111001001
11100010001001010100001110000111000000100000111010010110011100011111101101
11100110100100001011100001100110101001101010000000010100011110111110010011
01100011100000011011100001111010111111001010011110111001000111101110111010
01100011010100001100100000010100101100010011100110000001001100000111101010
01100011010110001101011101001110110101000110011000100110110000111011111001
11000011010011000100010101001110101111100101011011000101110001000110100010
11100010101100001110011101101110110010010111010100011001001011110100000101
11000010101010001101111010000101011101000101011100001000110000110010111000
11000010100010001010000101101110000011000000010001110011011001101011010110
10010010011011111100101001111011001001000000101100101001011010100001000111
11000010101010001101111010000001011101000101001100001000110001110010111000
00010110110001100001000011001100011001001101011111101110101111010110010011
11000011111010100101000101011000110111010001111100111000011011111001001110
01000010011010110000011001011101011000110110011101001110001101011111100110
01000010010010110111100101011000011111000110010011000100100000101011000011
01100010000011001110010000110111101011111111001111100111010101011111110100
11100010100001110100000110111101010011110100101001110100001110001111011010
11100010100001110100000110101101010111110101101001110100001110001111011010
10000110000011100110000111100010001100011011010101010110001001100011010011
10000110001101101010000101101101100111010000110100010010110111010101101101
01000001100110010010111000101100011001101011011000110000010001101101010111
01100100110011000101000000101100000111001000000110100100001011110111111111
10100011100001010011110100101001000010001000111000111011010100000000111110
00000111110010011111001001001010100101000000110100111010010001000111110110
11100101001101111000011000110000000000011110011010110101111110110000011110
00100110100000111001001010010000000011110100011000110111010100101110011101
00100110101101010100000110001111001001001011111000000100011001010111000110
00100101000010111011110101010100100111010001100000111100000100000101111100
00100110111110110011010001000001100010011101000100010110100101100000100101
10010001101000001000110101011001100101001000001000011101000011110110111011
01010011000001010011011111101001111000101101010111100101011011010011010011
11110010101010000010111011011100000110110010010011010001001110110011101011
11000011010011000100010101011110101111100101011011000101110001100110000010
01000011011011110010100000101111010101000100101111001000111010000001110111
01100011100000010010110100100111100101010110010110100000001111100101000010
01000010011110001110100000100001010110110000001100000101010010110100010100
00100110000000100111111001000101001001001000100011101011101100001000101111
00010011111110011010101101100011110101101100100101011001000101000111111001
00000000001001000001101000011001000000100010000000100010011001010001100100
11100001011000100111001011101000101110111010001110011111100010000010001110
11100001011110010101000101000011001001110100100011000111001101101001011011
01110001010010111100111111100001001110100110001100011101100001010010110110
10110000100111111100100010001111011111000100111000100011111001000010010011
01100100110010101100000010011101111010001110000110111010111110010011000111
01100100110010111011100001100000110101010111101101000010100001000010110011
00100111111111011001111101110110100111111001001011110001000011001011010001
10110111100110111000100110110100111000111110100110111010101001001100110011
01100100011111101001001001111101001101101010001111111000100100011000101011
01100101001111110000101100011000001011001001001001010010111000101001000110
01011011000011011110000001100011000110110100101000110001000110010101010001
01011011000011010000011101100111110110010001010011011010110001110111110000
11000011011101010010100001110100111001010000010000100110010001100100010010
01100110100101010001110001010101100101011000010010010001100101000100010000
00000011000111001100100110001000100110001000000100000000000111011111100010
00010110011010100001100100011100111010010001001000000110010000001011001100
01110110000011000011010100010001100010001111111011010110111100100101110110
00110011110000011100011101110010001110111011110110111101100000011000101111
10100011000000010000001000011110110100111111011101011101001011001111011111
10100011000000010000001000011110110100011110011101011101001111001111011111
00110000111101011010000110101010001111110101001100010100011111000101011011
00010000001100000001100011011101100000001110101110111101111011110001001100
01110110011100100110000101111110110000000000010000011001110000011000001101
11010001111010011100100010100000101111010111010000110111101011011011001001
00110000111011001000101011011111011100001110010001110110000100100101000010
11010011000011010100110000011011010000100001000110100110111000100111001011
00110000010010010110100111000001111000110110011110100010000100100111010111
01101000110010000110011000010001000110110010100011111010011100010010001001
01011001011101110101100101001101001100010100001111111001000011011110111000
00110000011011110011001010110000001011101001111111000010011001100010011001
11000110011100010010001101000011111100010011100101010010110100000010110001
00011111010001000001010000010011001100000100111001000010110001010001000110
01100110000001000111101101001111111111100111000100101100011110111110101010
11010011100000010111101011101000110010011010001101110100101110001101001011
01110101101000110111010111000100111110100001010001001101101001001001111110
10110101100101000101001100110100111010110110100011111100001000001101111000
10110101100101000010100100101011011111111001000110010111110010011110001100
11001000101101010001100101001111001110110111001100110110110011001100000010
01001111011010111100010011010100111001100100001000001001001110011010000011
10011000110010011110011010100010111110011110000111011011011111010110000001
00011111000110010111110100100001010001111111000110010110111001111001010011
00011111100000000000100001010001111000010100000010111111100010001000001110
10101010111101001000100000100110000110000001011111100001111100000100001001
00001011101110011110000000000110110000111001100000111001100000100110000001
11001010011110100100101010001100001111000010100010110011110010001110101110
11001011101001101011001010011100101100011001101010000010111101011110011110
11111111110001000101111001111111100010100011010010010000010110101000110001
11111111110001000101111001111111110110100011010010010000010110101000110001
11101110110001100111010101100101010000100110010011111100000010000111001111
00110000001111010100110110111011111111000010100101010001010001100001111101
01010000110000001001001101010110101000000101001001100110111001010101000101
01010000110000001001001101010110101000000101001001101110111001000101000101
00010111100110011100000011100000010101011110100111010000111000011000111000
01000101010010110000100001100101111111001000100000111100100011000100001001
10100101000110011100100101110101011111010110011101100001000001000000010000
11100110011110011100100011110111001000000000000010100111011011000101001000
10010111110110000000111101100010101011111101000011010101000010000110011101
11011011110110010011011111110000010010110010101111010100000110111101001110
01010101111010011110110100001001100010111000000000101010011111100000000011
11000010111001011000000100101111011101100100000011001111000001110111011001
10000100010101011100010001111000110011000100100001100100010101100111111011
11100110101111101000110101011110011100010001001101000000001111000010000011
10101111001011100011111111011100010111100100001011110001010100101111010101
10110100110111110001111111110101101011001101001100001110010101101000000100
00100011110011111110001011100110010010111010101111001101010111001100100100
11001101101101000100010111001110011011100100100110110111100011100111000111
01100110010010110010001001101010011100001010111011011001010110011101101011
10011111010110001101111000011001111010011110100111000000100111111011110001
11011100110001111011011000100110110110001011101110001000110000110011110100
01000000001011110101001100000111000101111100111000001011110111100110101000
00101101101011011000000100010001010010010101001101001100000000111100000110
00010110110001010001110111100000110010001001010000111111110000010101011111
00001110010110111001000110111010001000111101010001111101100000100010011110
00000100100010110100100111100001100011111001101000011111001110111001001010
00000011101001010000101010101001110111010101101111000001010011111011110010
00000001110000011110000100100010011100111010111101101001000000100110110001
00000000110000110001100100110011101001100000110001111011100000101011010010
00000000011101101001101001101100111011101101100001011011101011001110100100
00000000001000010001111111010111111001100110011001010001110000100011011101
00000000000110011100010110010111100100001000010001110000010000000110101011
00000000000010110111010011111101101001110011001011000100010001000000101110
00000000000001010011011101001101011000011001100010000110110110011001010000
00000000000000111100101100011100011111010000111000111101011100100010001001
00000000000000011101101011111011111110111110010000010111000001110000011100
00000000000000001000110011000110001101010110101101101100111110001101111001
00000000000000000110110010111101000011100111001111111010100100110100000100
00000000000000000011111000010100101100100100101011101110100110001010110011
00000000000000000001011100100011010001001111010000010100110110011010100010
00000000000000000000101101110010001111101000101010000010011100010001101101
00000000000000000000011010100111010010100011101101101010011000011101000100
00000000000000000000001101010100010000010000001100100111010010010001001100
00000000000000000000000100111010100100000010001111111001010000000101000000
00000000000000000000000011000010010111110100101010001111001001001110010010
00000000000000000000000001100111001100111001000111101001001011101000000011
00000000000000000000000000100111001101111010010101100000110011110101100000
00000000000000000000000000011000100011110100001100010110100101010011011000
00000000000000000000000000001001101110001101001111011010111100010100110110
00000000000000000000000000000111100100011000010011010101101011101010000101
00000000000000000000000000000010110110110011100010111111000010010011101011
00000000000000000000000000000001001110011011000101111001101011100111010100
00000000000000000000000000000000111110010101110001101000101001010100111011
00000000000000000000000000000000010101110000010110010001101010110001110100
00000000000000000000000000000000001111100010010110001010101100001011010110
00000000000000000000000000000000000100101111100001011100001001110011011011
00000000000000000000000000000000000010011111111110110110100010110110000101
00000000000000000000000000000000000001111111101010110011010000001010100100
00000000000000000000000000000000000000111001110010000101101000100100010000
00000000000000000000000000000000000000010111000010111110101000111110111010
00000000000000000000000000000000000000001100100001111111011011000101100001
00000000000000000000000000000000000000000100001101011101001100110010001101
00000000000000000000000000000000000000000010111010111100101110011001110010
00000000000000000000000000000000000000000001110101001011100000101011101011
00000000000000000000000000000000000000000000100011000010100101100111010011
00000000000000000000000000000000000000000000010111110010101111001000011101
00000000000000000000000000000000000000000000001111101010000100101000000110
00000000000000000000000000000000000000000000000100010001100100001010010110
00000000000000000000000000000000000000000000000011001100100111111000101110
00000000000000000000000000000000000000000000000001001001110101000110000011
00000000000000000000000000000000000000000000000000101100111101101111000100
00000000000000000000000000000000000000000000000000010011101010010011011000
00000000000000000000000000000000000000000000000000001000111011111100110101
00000000000000000000000000000000000000000000000000000101111110010011011011
00000000000000000000000000000000000000000000000000000011000011110001010110
00000000000000000000000000000000000000000000000000000001001100001011010100
00000000000000000000000000000000000000000000000000000000100110010000001111
00000000000000000000000000000000000000000000000000000000011011100110000011
00000000000000000000000000000000000000000000000000000000001011001010101010
00000000000000000000000000000000000000000000000000000000000101101011111110
00000000000000000000000000000000000000000000000000000000000010111010111101
00000000000000000000000000000000000000000000000000000000000001xxxxxxxxxxxx
00000000000000000000000000000000000000000000000000000000000000100101100000
0000000000000000000000000000000000000000000000000000000000000001xxxxxxxxxx
00000000000000000000000000000000000000000000000000000000000000001010000100
000000000000000000000000000000000000000000000000000000000000000001xxxxxxxx
0000000000000000000000000000000000000000000000000000000000000000001xxxxxxx
00000000000000000000000000000000000000000000000000000000000000000001xxxxxx
000000000000000000000000000000000000000000000000000000000000000000001xxxxx
00000000000000000000000000000000000000000000000000000000000000000000011001
00000000000000000000000000000000000000000000000000000000000000000000001xxx
000000000000000000000000000000000000000000000000000000000000000000000001xx
0000000000000000000000000000000000000000000000000000000000000000000000001x
00000000000000000000000000000000000000000000000000000000000000000000000001
