U[128x26]
00000000001000100000000100
00000000001000000000111000
00000000001111000000111000
00000000001001001000111010
00000000001001011000111000
00000000011001001000101000
00000000110000001000001000
00000000100000000100010001
00000000110010001000011001
00000000110110001011011001
00000000110000001001011001
00000000110000001001111101
00000000110100001001101101
00000000110000011001111001
00000000110110011001111001
00000000110000011111111001
00000000110000011110011001
00000000000001001111100010
00000000110010011110111011
00000000110011011010101011
00000000110010011010101111
00000000110100011110011001
00000000110101011110011011
00000000110111011100011001
00000000110000001101110001
00000000110000001001110000
00000000110100001001110001
00000000110100001001110100
00000001001001101110110011
00000001001000101010010011
00000001001100101011010011
00000001001000010010010011
00000001001000110010010001
00000001001000110010011111
00000001001011101101111011
00000001001011101101100111
00000001001011100100101111
00000001001000101110111011
00000011001010100101100011
00000010000101010000000000
00000010000001000000000010
00000010000000000000011010
00000101000101100111001001
00000101000101011111001001
00000101001101100111011101
00000001000011101100011011
00000101000111001110011001
00001001001101100100110000
00001000000110000000100000
00001001110011100101001011
00001001110011100101001100
00001100111100000100110001
00001100001110011011101010
00001100001110010011001000
00000101001100101111101000
00000101001100011111101100
00000101001101011011111100
00000101001100111101101000
00000000001011101010100000
00000101101000000011111111
00000101110111011110011111
00001100101011111111100101
00001100101011111110100001
00001100101111111110101001
00000000000100100000001100
00001100101110101010101001
00001001100011110001100101
00001001100010100001100101
00001100101011010110100001
00001100101110010110100011
00001100101100010100100011
00001100101010111010110001
00000101001100011101101100
00001001011010001100000011
00001101110000111010010000
00001011100110100100000100
00001111100101111101010111
00001100001110010011100010
00010111101010111101000011
00110100111011011111001000
00101100101110110100100011
00000011110000000000110111
00000011110000000000100011
00100010000011111100001001
00110100111011011111111000
01111000001110100000101110
11001111110001101011110101
10000000000001000100000000
00111001100010010001110110
10100011011010100110010010
10100011011011101110010110
11011101101101010111010100
01010000011111110010001010
01011101111001000100010000
01010010110000110001111101
11100111111010110100111100
11010001110100000100101100
11001101101100000011100001
11000001100001011011101010
10111000110100111100110100
10010000100110101101001010
11001100001110101000101110
10001111011001000111001010
01000100001010010010100000
00100000001000000000000110
00010110111100111000001011
00001010110101011101110101
00000101111101011010100001
00000010110001110011100100
00000001010101000111010000
00000000101110001110010010
00000000011111011100000111
00000000001xxxxxxxxxxxxxxx
00000000000101100101100010
00000000000010010010111011
00000000000001111011100101
00000000000000110101011110
0000000000000001xxxxxxxxxx
00000000000000001000000100
000000000000000001xxxxxxxx
0000000000000000001xxxxxxx
00000000000000000001xxxxxx
0000000000000000000011x0xx
0000000000000000000001xxxx
00000000000000000000001xxx
000000000000000000000001xx
0000000000000000000000001x
00000000000000000000000001
