U[78x20]
00000000101001000000
00000000100100100000
00000000100001000100
00000000100001000101
00000001101111000100
00000001000000101010
00000011000001001000
00000010001001000100
00000011000000000000
00000111010011011000
00001000001010100000
00001000001110000001
00001000001110010011
00001000001110010011
00001000001100011011
00001000010010000001
00000010001101010010
00000010011111010110
00001000011010000000
00010010011011011010
00010000000100010001
00011000001010101110
00010000000010001000
00010000000001001010
00001001010101110100
00001011011000110100
00000001011111101100
00010000000011100000
00010010011011010000
00111000001000000100
00101000010000100111
00101000111101001110
00101000101100001010
00101100101111001100
00100000001111001010
00001111101100100110
00001111111101101110
01111111111001000101
01101111010010101000
01101111000010001100
01101111000010101100
01101111010010010000
10010000101100110010
10000000110000100111
00000110001100001001
11001001010111101011
10100011011101001010
10100011011110001010
01010001001001101011
00110110000101001111
11101110001000101101
00000110000000101011
01000010001001101001
01000010001101100000
11101101111001111010
00101111011011010110
00011000100111010100
10110010000001110111
11111010111100010101
01011010100111010100
00101101100101101111
00010000011000110111
00001010101110000010
00000110010111011001
00000010101011101001
00000001011010110011
00000000111011111001
00000000010001011110
00000000001xxxxxxxxx
000000000001xxxxxxxx
0000000000001xxxxxxx
00000000000001xxxxxx
000000000000001xxxxx
0000000000000001xxxx
00000000000000001xxx
000000000000000001xx
0000000000000000001x
00000000000000000001
