U[558x50]
00000000000000000000000000000000000010001000100000
00000000000000000000000100000000000010001000100001
00000000000000000000100100000100000010001000100011
00000000000000000000000000000000010111001000100000
00000000000000000000000000100000110111101000100000
00000000000000000001000000100000010111101000100000
00000000000000000001000000000000010111001000100000
00000000000000000001000001000000010111101000100001
00000000000000000000000010000000000011001000100010
00000000000000010010000010000000000111001000100010
00000000000000001001001000000000000000000000000000
00000000000000110010100010000000000101001001100010
00000000000000100000000000000100000000000001000000
00000000000001100000000100000000010000000001000000
00000000000001001000100010000000000000000000000000
00000000000001100000000100000001010010000001000000
00000000000001100000000101000000010000001001000000
00000000000001100100000101000000010000001001000100
00000000000001100101000101000000010000001101001100
00000000000001100000010101000000010000001001001100
00000000000000000000010000100010110111101000001100
00000000000001100000000101000100010001001001000000
00000000000001100000000101000100010000001001010000
00000000000001100100010101000100010000001001011000
00000000000011100000000101000100011001001001010000
00000000000010000010000000000100001000000000000000
00000000000010000000000000000100001000000000010000
00000000000010001000000000000100001100000000010000
00000000000010001000000000000110100100000000010000
00000000000010001000010010010100001100000000010000
00000000000010001100010010010100001100000000010010
00000000000010001111110010010100001100000000010010
00000000000010001111100010010100001100000010010010
00000000000010001111100011010100001000000010010010
00000000000010001111100111010110001000001010010010
00000000000010000111101111011110001000001010010010
00000000000010000111101111011110001000001010011100
00000000000010000111101111001100001000001010011100
00000000000010000011101111001100000000001010011100
00000000000010000011101110001100000000011010011100
00000000000010000011101011001100000100001010011000
00000000000010000011101011001100000100001010011101
00000000000001101100011101011000011100000101000100
00000000000001101100011111111000011100000101000100
00000000000001101100011101111000011100000101000101
00000000000001101100011101111000011000001101010101
00000000000001111100011101111000011000101101010101
00000000000001100100011001111000011100100101000101
00000000000001100100011001011000011000100101100101
00000000000001100100011001011000010100100101100101
00000000000001100100011001111100010100110101000101
00000000000001100100111001111110010100110101000101
00000000000001100100111001111100000110110101000101
00000000000011100110010111110010000111010110111001
00000000000011100110010111110110000111010110111101
00000000000011110110010111110111000101010110111101
00000000000011100110010101100010000111010110111001
00000000000011100110010101100010010010010110111001
00000000000011100110010001101010010010010110011001
00000000000011100110010000001010010010010110011001
00000000000011100110000000001010010011010110011001
00000000000011100100001000101010010011010110011001
00000000000011100110001000101010011011000110011001
00000000000011100110001000101010011001001110011001
00000000000011100110000000101010011011000110011011
00000000000011100110000000101010010011000110010001
00000000000011100110000000100010010011000110010000
00000000000011100110000000100110010011000110011001
00000000000011100110000000100111011011000110011001
00000000000011100110000000011110010011000110011001
00000000000011100100000000011110010011000110001001
00000000000011100000000000011110010111000110001001
00000000000001110011101011011010010011001000010100
00000000000011100100000000011110010011000110000111
00000000000011100100000010100010010011000110010001
00000000000011100100001000101110010011010110011111
00000000000011100100010101110010000101010110111001
00000000000011100100010101010010100101010110111001
00000000000011100000010101010110100101010010111001
00000000000011110010010101010110100101010010111000
00000000000011100100110101010110100100010010111001
00000000000011110100110101010110100100010010110001
00000000000001100100100001111110010100111101000101
00000000000000000001110101111111000110111100000101
00000000000000000001110101011111000110111100100101
00000000000001100100001001111100010100110100000101
00000000000001101000011101111000010100000101000101
00000000000010001100011001100110000111001010000010
00000000000010000100011000100110000111001010000010
00000000000010000111101111011110000010001010011100
00000000000010001111101111011110000011001010001100
00000000000010001111101111011110000011001010001001
00000000000010001111101111011110000011001010011101
00000000000010001111100111011100000011101010011101
00000000000010001111100111011010000011101010011101
00000000000010001111000111011000000011101010011001
00000000000010001111000111011100000011101110011101
00000000000010001111100111011110000011101110011101
00000000000000010000000100011010001011101100001111
00000000000010001111000110011100001011101111011101
00000000000011101011111010100010011111011010011000
00000000000000000000101000100010000001100100000000
00000000000010001111101111011110000010000010001001
00000000000010001111101111011110001000001010000011
00000000000010000111101101011110001000001010000011
00000000000010001111101101001110001000000010000011
00000000000010000111101110111110001000101010010010
00000000000010000111101100111110001100101010011010
00000000000010001111101100111110001100101011011010
00000000000010001111110010011100001100000010110010
00000000000010001111110011010100001101000000010011
00000000000010001111110011010100001100000010010111
00000000000010001111110011010110000100000010010111
00000000000010001111110011010110010100000000010111
00000000000010000111110011010110010100000000010110
00000000000010000011010011010110010100000000010110
00000000000011100000010101000100011001011001010000
00000000000011100000000101000100111001011001000000
00000000000010001001100010010000101001000101000000
00000000000001101111110001111010111011010111011001
00000000000010001101111001010000101000010001000000
00000000000100001111110010000110100101101011011100
00000000000100000000000000100000000001000000000010
00000000000100000010000000110000000001000100000010
00000000000101100000100100100101010011000000000010
00000000000111101111001000011011011111001011010000
00000000000111101111001000110001011111001011010000
00000000000111101011001000110001011111001011010100
00000000000101100111010000010011011000000011010110
00000000000101100110010000010011011000000011011110
00000000000110000110010101010111000001111110001110
00000000000110000110010101010111000001111101001110
00000000000110000111010101010111000000111101001110
00000000000110000011010101011111000000101101001110
00000000000101101010110100010001011110001011001111
00000000000101101010110110011001011101000011101111
00000000000110000110100001000011101011011100110110
00000000000110000111100001000011101011011100111110
00000000000101110011011110001010011010110100100011
00000000000101111010010110001010011010110100100011
00000000000100001011000001100101100110010010000100
00000000000100001011000001100101100110011010000101
00000000000111101011001000110011011111001010010100
00000000000000011010010011100011010010000101000001
00000000000000010110000111110001010000001101010101
00000000000000011010010111100011000010000100000001
00000000000000011010010111100011101000000100000001
00000000000000010011000111000001011101101100001101
00000000000000010001000111000001011100101100001101
00000000000000001010010111000011101001000100000001
00000000000011101110010101110001111110000011010000
00000000000011111100010101110001111110000011010001
00000000000011101111010101110011111010000011010000
00000000000000011011010111000011010010000100000001
00000000000011111101000010100001010101011010101000
00000000000011111101100010100001010101010010101000
00000000000011111101000010100001010101010010100000
00000000000011111101000010100001110001010010100000
00000000000000011011000101000011010010000100000001
00000000000000011011000111000011010010100000000001
00000000000000010001100111000011010010100000000001
00000000000011111100000111100001000001100110011001
00000000000000001000001101011011011101100000100010
00000000000000011010011111100001000010100100000001
00000000000111101111001001110001011111000011010000
00000000000101100000111110100101010011000011000010
00000000000101100000111110100001010010000011010010
00000000000101100000110110100101010001000011010010
00000000000111101111011001011011010010011001011110
00000000000101100010101100100101010011000011000010
00000000000101111000111111000110100101000110000011
00000000000101111000111111000010110101000110000011
00000000000111111110101101110000100010010001101010
00000000000111110110100101110000100010010001101110
00000000000011100011111101110000011100010011111101
00000000000011110111111101110000011100010011111101
00000000000011100111111101111000011100010111111101
00000000000100001100010101001001000011001100101011
00000000000000000111010101101100000101010110101110
00000000000000000101010101101100000101010010101100
00000000000011110010000110111111010010000010010010
00000000000011100010000110101111010010000010010010
00000000000011101001000011111100000000000111010001
00000000000110010101111100111010100101000001011010
00000000000011101000000011111100000000000111011001
00000000000000000111011101111100100101010110101110
00000000000111101110110100100011101000010010110110
00000000000111111100110011010010111000011111101011
00000000000101100000101010110100111111000101101001
00000000000011100011110101110001011100010011101101
00000000000011100011110111110001011100110011101001
00000000000011100111110111110001011100110001101011
00000000000010011011000010101001111001111101001111
00000000000000010101011101111011110010111110011010
00000000000000011111000010101011111001111101001111
00000000000010011011011011001101111110110011001101
00000000000111111101001011011110101110010000010011
00000000000010011011000010101000110001111101001111
00000000000010011010000010101000110001111101011111
00000000000001111010000000001011100010111011001110
00000000000001111010000000001011101000011011001110
00000000000000011110111001110101110111001010011011
00000000000011100111010111110001011100110001100011
00000000000011100101010111100001011100110101100011
00000000000011100001110111110001011110110011101001
00000000000011100001100111110001011110110011100001
00000000000011100001110111110001011111110001101001
00000000000011110011100011010010101011011011100101
00000000000101111000111011000110111011000011001011
00000000000001100100000111000101010110001101111010
00000000000010000001010011011011000101001011111101
00000000000111101011000010010100010110011101011111
00000000000101100000110100100100010011000000000010
00000000000111100100110100110110100100010010011001
00000000000100000111110010000010100101100011011100
00000000000100010111110010000010100111100011111100
00000000000100001111010010000110100101111011011110
00000000000111101001100111100100100011110100100101
00000000000111101011100011100100100011100100100101
00000000000111101011100011100100100011100100001111
00000000000111101001100110100101100010110100100101
00000000000111101001100010101101110010110100100101
00000000000111100001101010100101110010110100100101
00000000000111101001100010101100110000110100100101
00000000000111101001100010100100110000110100101101
00000000000111101001100010100100110001110110101001
00000000000111101001110010100100110001010010101001
00000000000111101001100010100101110001110100101001
00000000000111101001100010100111110001110100101000
00000000000111101101100010100110110001110111101001
00000000000111101111100011100110110001111111101001
00000000000111100000111000010100101000111100101101
00000000000010000000011100010001111011111111101111
00000000001111110011011011011011000110101101110010
00000000001111101111001000011011011111001111010010
00000000001100001001101000000101001100001101001010
00000000001000000000100000000000000100000000000000
00000000001100010111110010000010100111110011111000
00000000001100010111110010001110100111110011111000
00000000001100010111110011001110100111100011111010
00000000001110010000011000011010101011110001101010
00000000001100010111110010000010100101110111111000
00000000001110011111110010001100000011110111001000
00000000001100010101110010000010100101110111011000
00000000001111110011111011011011000110101101110110
00000000001111100010100101000111011110001100111101
00000000001111100010100101000111011111000100111101
00000000001000101011101000111101100001110101101111
00000000001101110101111010100000000000101010111010
00000000001101110111010010110011100111000011001101
00000000001111101001110010100100100100101000011100
00000000001011100001111000011111000010011000101100
00000000001011100001111000011011000010010000101100
00000000000011001000010000100010000011101001000011
00000000000011001001010000100010000011101001010011
00000000010111010001011111011011111011110010111011
00000000011111101001001111001011010110101101011111
00000000010001101100011100111000011010000101010101
00000000010010100100001110001010011001101100110110
00000000010010100100001110001010001001001100110110
00000000010010100110000010001011111101001110010110
00000000010110101111000111100111100111010110110011
00000000010110101111001110100111100111010110110011
00000000010000010001000000000000000000000000000000
00000000010101111011011101110000011100000111010000
00000000010010010001011000000111000101001001101101
00000000010010111010000111110111011001000010001011
00000000010010110010000110110111011001010010001011
00000000011010011001100110001010101000100111101100
00000000011010011001101110001010101000100110101100
00000000010010111010010111010101101110101010000100
00000000010000111111101011001111111100111110111001
00000000010010111000000111110111011001000010001001
00000000010010111000000111110111011000000011001000
00000000010111000101101011000001111101111100111101
00000000010111010101101011000001011001111100111101
00000000010111011111001011000001011001111100111101
00000000010111011111001111000001011001011100101101
00000000011111010110110100110110010011001011011000
00000000011111000110110110110110000011001011011000
00000000011111000110111110110010000011001011011000
00000000010111011110111010011111011111101000001001
00000000010111010101100011100001011001111100111101
00000000010111010101100011101001011000111110111101
00000000011001000010010010100111111110011101000111
00000000011010100010011010111001101001011111001110
00000000010000110011100011000111001110110100110110
00000000010111010001011111011011111011010011111001
00000000011101001011010101000010100101100001000000
00000000001100011011000101101001000010100001000001
00000000010111010011011101011011111011110010111011
00000000010111010011011001011011101011111010111011
00000000010100001111101100111010010101111001101010
00000000010100001111101100001010010101101001101010
00000000010100001101101100111010010101111011101010
00000000011110010000010000010010101110000001010110
00000000011111100100111101100110001010110101011000
00000000011111100000111101100110001010110101010000
00000000011111100000101101100111001010110001010000
00000000011110010000011010010010101110000001010110
00000000010111010011010111011011111011110010111111
00000000001100010010111010011001111000110100000001
00000000010100111000011100100111111011110110001010
00000000011110100000011110010011111100001110110101
00000000011010101101100101011001000110100100001001
00000000000000000001101110010011111001000110010111
00000000000000010001101110010011111001000110011101
00000000000000011001101110010011111001000110011001
00000000000011111101100010001000000100111100100010
00000000000011110101110110000000001010010110101110
00000000000011100101110110000000001010010110101111
00000000000011100101110110000000001011000010101111
00000000000011010101010100010000001100001011001101
00000000000011100101110110111000001011000010101111
00000000000000011001001100110001110000100111100110
00000000000011110111110110000000001010110110101110
00000000000011110111110110000110001010110110101110
00000000000011110111110010000100001010110110101110
00000000000001111111100111011001001101011110011100
00000000000010000101110010101000110011011101001110
00000000000011110101100010001000000100111100101010
00000000111000011000010100100010010011111010100010
00000000100001110101000101000000010000001101001110
00000000100001110101001101000000010100001101001110
00000000100001110101001101000100011100011101001110
00000000111001110101100000101000111011000100111010
00000000111001110001000000101000111011000100111010
00000000111010000111110100111110011110010110010010
00000000111101111111101010100010111110110100001000
00000000100001110001001101000010010100001101001110
00000000100000010111100110101110010111011011001111
00000000111110010101111000100110010000111000011110
00000000100010000011000111111011011101001111100101
00000000100101111110000000101011011100100100000011
00000000100111110001101101100111010101100110100000
00000000100101111110000000101011011101101100000011
00000000100001100010000010111111010100000100110101
00000000100101110010101000000010101101111110001110
00000000100111110101001110011100100101110110011100
00000000111000000010010000100101100110111100010001
00000000111000000010010000110101100110111100010101
00000000111000000010010000111101100110011100010111
00000000111000000110110000111101100111011100010111
00000000111000000010011000111101000110011100010111
00000000111011100011110111000100111000011011110100
00000000111110011111110000010101011111100100100010
00000000111010101101010000110101011010101101000010
00000000111010101101010000110100011110111101000010
00000000111010101101010001110100011110111101001010
00000000111010101101000001111100011110111100001010
00000000111010101101000001101100011110011100001010
00000000111011010011110011010001011000100101001110
00000000111110101000110011111110111001011111110110
00000000111110101010110011110110111001111111110110
00000000101101001100101000011000111110000000001101
00000000101101011100101000011000111110100000011101
00000000100000101111100010101001011111110110100010
00000000100011100001100010011101000001111000100010
00000000100001111001100000011101000010110000000000
00000000100111100100111010111111011011000101101100
00000000000101110110111000001110010110111001000001
00000000100111110101001110011100110101100110001100
00000000100111110101001110111100110100100110001100
00000000100111100101001110111110110101100110001100
00000000100000001111110100011101100011101100101011
00000000100111101101001010111110110101000110001100
00000000100101101011000111110011001110001110000100
00000000100111110101011110011100100101100110011100
00000000100111110111001111011100000101110110011100
00000000110100000010000001011011000110010011000011
00000000110111100101010001010001011100000101011011
00000001101011100010100100111100001100100010011011
00000001111011100101011100001101000100010000111110
00000001101010001011101010010000110111010001000101
00000001101001000010111001101110001110010101100101
00000001101010111110110010001111011011000111000101
00000010110000110000110100110110010000101010000101
00000010100010000011010111111011011001001111100101
00000010100010000011010111111011011011011111100101
00000100011000001001100100111000010101010000111010
00000100100111110101001110111100100100100010001100
00000100110111000010110011110001100110101010010010
00000100001000101011000111110111001001010100001111
00000100011101110110000101111001010100111101010101
00000100111000010101000000110010010100110001011000
00000100000110001000110000100111001011010100111110
00000100011101101100001110000000011000110011010100
00000100011101101100001110000010011000110011010000
00000100011000001001101100111001010101010100111010
00000100011000000001111100111001010101010100111000
00001000011101001000101011100111110010000001010101
00010101110000010000100111100110100011001111101011
00010000001101110101110010010111011101000111100000
00010000001100010110111110000011000000100100001011
00010000001101111010110011111011011010101000011110
00010000001100010110111110100011000010100100000011
00010101011001100000010100111000101111100100000011
00010101011001100000010101111010101111100100001011
00010101111001010000010000000011000110100001000110
00010101111001010000010010100011000110100001000110
00010101111011001111110111111111000101101011011011
00000000100101111000011100110111110110000011010010
00010101011001100000000100111000100111100110000011
00010101011110001011100111011100000101000110110110
00010101001001011000110001000111101101100011010011
00000000111111011001111111101000011110010001100111
00100000011011010010010011100101111111001010100101
00100000100111100100111010111111011010100101101100
00100000011101011001111100010010100011011011001101
00100000011101011001111111010010100011011011001101
00100000011101010000011001001101100101100111001000
00100100010110110011001110111000100111011010000100
00100000011000111011001110000011010001010101010010
00100000011000101011001110000011010001010101010001
00100000011010100100100001010101011001011101000011
00100100000001011111111100010101011000111101010010
01110101001010100001001110111110011111011110000101
01000000000000000010000000000000010000000000100000
01000000000110010100110011010000001111101100110110
00000000100101110111000000000011000010101010001001
00101000111111000001011001111111101000000100011110
00000000100010001100001010010111010100110111000110
00000000100010001100001001110111010100110111000110
00000000100100011110110010100001011010111001000011
00000000100011110110001010011100111110000100001000
00000001101001010000010000000010000000110101111001
00000001010001111101110011101000110100010111110010
00000001000011101010100001011110100010001000000011
00000001101000000011100010000001100100000100001110
00000000000000100011110110010000101110111101111110
00000000000000100001110110010000101110111101111100
00010001011011000010010000001110101010100001101110
00010010100001000101101100100001000101010100001000
00000000100101110111000000000011000011100011001001
01110100011010101011010001101110010001111111110101
01100001001100000001011011111100011010000011011000
00010101110100111111000010011110101010100010001000
00010101110110100001011010110111111000001101111101
00100100110101000111000100111000000010100110110110
01100001001111100100101101111100010001000101100111
01110100101010000011100011000100011110101010111101
01000001000111010111011001111101011101000111000001
01011110110011011010011010100101000111010011001110
01011110111010110001000100011111010010010010010111
01011110111011000100010011111000101110111100110001
00110101010110100101101001011011011001110110000001
00010101000111100111000111010010010110101001100010
00010101000001100000000110111110000011110100111110
00110101000110011111011110100101010000111001011111
10001101111100001101010101100001011110010110001011
10001101100011111010001011000000001101101100110001
10001001001110010110010100110011010011001111110100
11010000011011111000010111101001101101101001010101
11010000011011111000001111101001101101101001010101
11010100110000011001011101110011001001011110111010
11110100011111111111100100011100110011000010000110
11100100000100101010101000011010001000111010110101
11000100000011000110110011010001111010110010001000
11011000101000010101010101011010111100111101001011
11011000010100110111000110011100110101110011010101
11001010110101010011101111110010010001011011000110
11001010111100110110111000111111000111001111100010
10000010010101111110001111011011010110001101000110
10000010010101101000110110101110100001000111011111
00100000000110100001101011000001111100011101111001
00001001111010111101111011111000111011011110101011
01001011011010010000011001011010001000011000111100
11100010001100100001110011101111011001001110101001
10101001010010100101000000101001111111101101101001
01101111011010001111000101000111000001000110100011
00110101010011101000000101101001111100010110100100
00110111000000110100010100100110100011010111100101
00010011100011111100111000110110001101000101110111
00000011011100100011110100010111111001011010010100
10000100011111110101100011110011010101101001011010
01100001000111110100110110100010000011001111110010
01010101101011100001110000110101100000000101100110
00100001111010000001100110110101001110110100101111
00000001111000010000011100001001010111110000001010
00010110100010000101110010111101100101000010010000
11010010011010001010100100111000110101011111101001
00101111010101011010110001110100111011100100010011
01011000000000000010010100101111000011100101110110
00111001100000010111100001101111011101110111110100
00111101010001000011111010010011110111101111000111
11010110111011110101000001000110101111101111101101
11100011101111011001000011000101011100110111100101
10011100111000101100110111111000010100100111000110
10011110110011110100010101111001111000110011101011
11110110011100010110110001110100001000001001100001
11110110011100010110110001110100001000001001000000
00110100001001111110001100000110010111000001110101
01011110110111001001010100111010110011001000011101
10101111111001100010100000100010100001011011001011
01111000011001010011000011011110101000011111101101
01001011010101011110101100110010000111101110000110
01110110011111000111000110011010111111101010101001
11010011011011000000110101110110011000100111000101
01110110111111110101011011101001111111011011001111
01110111111100011111111010111111011100010011000100
01011011010001001001101111100001100110110111011101
01101011001101010010100110001011010100001010100001
10110101101101011011000011111100100010010000100010
10111111000111001100001111001110101111010011011111
00101110010101110000110110010010010001000100110110
10111000100100000100011001000000101110111100000010
10001111001110100001010010010011001111010111111100
00110101101111001110011000111110011010110111101111
11111001110011011011100111100100110010011110111010
01000101101001110110010110010011010000110101101101
00111011001001000000001110011001100000111111000101
00011101101010010011010010000001100011110011010100
00001001010101110100011111110001010011101110101110
00000100100000111101111101111010110110010100110110
00000011000011111011101111000110111110011100000111
00000001000001000001001011001001101001010111101111
00000000110101010100010010100110101101000000100101
00000000010011101111011100000101110011001001000110
00000000001011111001101000011110111110000010000010
00000000000101110101011001010001100010010110001101
00000000000011011000010101010111011110000001100110
00000000000001010010010010011110000111001011111000
00000000000000101100000100010110101000100000000101
00000000000000011001111100000100101001110100100111
00000000000000001101000111010110101011111010010110
00000000000000000100110100100100010001000011010001
00000000000000000010101100011111110101110100100110
00000000000000000001111001001001010011011011100101
00000000000000000000100001000101100000111000111111
00000000000000000000011110100000101101000001111101
00000000000000000000001110010101001100001011110000
00000000000000000000000110100110101111010010101110
00000000000000000000000010100110000101000011000011
00000000000000000000000001001001111100111110110110
00000000000000000000000000101101111110100011011111
00000000000000000000000000011001000110100001011001
00000000000000000000000000001001011101111110100010
00000000000000000000000000000101100000100110110111
00000000000000000000000000000011010010001010010011
00000000000000000000000000000001011010000011100101
00000000000000000000000000000000100110000001101101
00000000000000000000000000000000011011011110100011
00000000000000000000000000000000001010001110100111
00000000000000000000000000000000000110001010100110
00000000000000000000000000000000000010110100110000
00000000000000000000000000000000000001100100010000
00000000000000000000000000000000000000110001110001
00000000000000000000000000000000000000010010010110
00000000000000000000000000000000000000001xxxxxxxxx
000000000000000000000000000000000000000001xxxxxxxx
0000000000000000000000000000000000000000001xxxxxxx
00000000000000000000000000000000000000000001xxxxxx
000000000000000000000000000000000000000000001xxxxx
0000000000000000000000000000000000000000000001xxxx
00000000000000000000000000000000000000000000001xxx
000000000000000000000000000000000000000000000001xx
0000000000000000000000000000000000000000000000001x
00000000000000000000000000000000000000000000000001
