1 24 1
19 24 1
18 22 1
19 22 1
21 22 1
1 21 1
3 21 1
5 21 1
18 21 1
26 21 1
5 20 1
19 20 1
25 20 1
3 5 1
19 5 1
19 23 1
25 23 1
19 25 1
26 25 1
1 3 1
18 3 1
19 3 1
26 18 1
1 26 1
19 26 1
19 1 1
0 0 0
0 24 1
6 24 1
0 22 1
2 22 1
4 22 1
4 20 1
6 20 1
4 5 1
2 23 1
4 23 1
6 23 1
17 23 1
6 25 1
2 3 1
4 18 1
0 1 1
2 1 1
0 19 1
7 24 244
8 24 106
9 24 234
10 24 165
11 24 47
12 24 58
13 24 76
14 24 201
15 24 33
16 24 32
7 22 122
8 22 53
9 22 117
10 22 220
11 22 153
12 22 147
13 22 38
14 22 100
15 22 158
16 22 16
7 21 61
8 21 26
9 21 180
10 21 224
11 21 194
12 21 199
13 21 19
14 21 50
15 21 79
16 21 8
7 20 244
8 20 181
9 20 143
10 20 172
11 20 189
12 20 232
13 20 45
14 20 3
15 20 132
16 20 128
7 5 245
8 5 118
9 5 3
10 5 69
11 5 103
12 5 204
13 5 90
14 5 6
15 5 21
16 5 29
7 23 144
8 23 13
9 23 90
10 23 112
11 23 239
12 23 237
13 23 135
14 23 25
15 23 39
16 23 4
7 25 1
8 25 2
9 25 4
10 25 8
11 25 16
12 25 32
13 25 64
14 25 128
15 25 29
16 25 58
7 3 243
8 3 197
9 3 12
10 3 9
11 3 131
12 3 22
13 3 119
14 3 24
15 3 84
16 3 117
7 18 4
8 18 8
9 18 19
10 18 32
11 18 64
12 18 129
13 18 29
14 18 58
15 18 116
16 18 234
7 26 36
8 26 68
9 26 152
10 26 28
11 26 59
12 26 124
13 26 232
14 26 207
15 26 135
16 26 1
7 1 250
8 1 151
9 1 24
10 1 18
11 1 27
12 1 44
13 1 238
14 1 48
15 1 168
16 1 235
7 19 72
8 19 136
9 19 45
10 19 56
11 19 119
12 19 248
13 19 205
14 19 130
15 19 19
16 19 2
0 4 1
7 4 104
8 4 229
9 4 191
10 4 167
12 4 23
13 4 231
14 4 89
15 4 234
16 4 76
7 50 0
8 7 242
9 7 126
10 7 178
11 7 176
12 7 87
13 7 72
14 7 225
15 7 248
16 7 205
6 0 1
17 0 1
8 0 156
9 0 9
10 0 95
11 0 253
12 0 224
13 0 184
14 0 184
15 0 58
16 0 219
8 187 0
9 8 24
10 8 127
11 8 24
12 8 150
13 8 43
14 8 115
15 8 54
16 8 148
2 17 1
9 17 221
10 17 115
11 17 241
12 17 121
13 17 99
14 17 214
15 17 193
16 17 26
9 22 0
10 9 108
11 9 64
12 9 15
13 9 164
14 9 174
15 9 83
16 9 28
10 161 0
11 10 202
12 10 93
13 10 212
14 10 201
15 10 53
16 10 140
11 6 13
12 6 95
13 6 128
14 6 185
15 6 90
16 6 94
11 61 0
12 11 184
13 11 243
14 11 223
15 11 175
16 11 101
12 2 99
13 2 18
14 2 122
15 2 169
16 2 125
12 165 0
13 12 248
14 12 137
15 12 187
16 12 230
13 46 0
14 13 11
15 13 252
16 13 20
14 160 0
15 14 179
16 14 219
15 121 0
16 15 131
16 254 0
0 0 0
21 16 1
23 16 1
4 16 1
7 16 53
0 16 1
8 16 222
9 16 36
10 16 10
6 16 1
11 16 135
2 16 1
12 16 2
13 16 182
14 16 188
15 16 117
20 15 1
21 15 1
25 15 1
4 15 1
7 15 125
8 15 201
9 15 110
10 15 187
6 15 1
11 15 51
12 15 109
13 15 110
14 15 57
22 14 1
7 14 2
8 14 120
9 14 154
10 14 199
6 14 1
11 14 5
2 14 1
12 14 176
13 14 76
5 13 1
7 13 51
0 13 1
8 13 158
9 13 228
10 13 78
11 13 157
2 13 1
12 13 16
5 12 1
23 12 1
24 12 1
26 12 1
7 12 31
0 12 1
8 12 76
9 12 202
10 12 9
11 12 201
2 12 1
3 2 1
18 2 1
22 2 1
26 2 1
4 2 1
7 2 32
0 2 1
8 2 92
17 2 1
9 2 207
10 2 138
6 2 1
11 2 82
3 11 1
18 11 1
20 11 1
21 11 1
25 11 1
4 11 1
7 11 194
0 11 1
8 11 27
17 11 1
9 11 157
10 11 183
1 6 1
23 6 1
24 6 1
4 6 1
7 6 228
8 6 173
17 6 1
9 6 220
10 6 69
1 10 1
19 10 1
7 10 196
8 10 15
17 10 1
9 10 231
19 9 1
20 9 1
25 9 1
4 9 1
7 9 123
0 9 1
8 9 205
17 9 1
18 17 1
19 17 1
24 17 1
4 17 1
7 17 134
0 17 1
8 17 86
5 8 1
19 8 1
22 8 1
7 8 196
5 0 1
19 0 1
20 0 1
23 0 1
26 0 1
7 0 172
3 7 1
18 7 1
19 7 1
23 7 1
4 7 1
3 4 1
18 4 1
19 4 1
26 4 1
