1 127 1
2 127 1
40 127 1
44 127 1
55 127 1
71 127 1
13 35 1
59 35 1
71 35 1
84 35 1
93 35 1
112 35 1
119 35 1
120 35 1
125 35 1
6 93 1
69 93 1
95 93 1
112 93 1
125 93 1
2 59 1
8 59 1
64 59 1
69 59 1
71 59 1
103 59 1
122 59 1
12 122 1
46 122 1
52 122 1
75 122 1
6 52 1
16 52 1
55 52 1
71 52 1
16 109 1
68 109 1
103 109 1
95 121 1
115 121 1
2 68 1
13 68 1
16 68 1
32 68 1
111 68 1
115 68 1
9 111 1
46 111 1
55 111 1
12 32 1
70 32 1
95 32 1
112 32 1
113 32 1
13 113 1
16 113 1
82 113 1
84 113 1
1 82 1
6 82 1
12 82 1
1 70 1
6 70 1
13 70 1
31 70 1
42 70 1
57 70 1
78 70 1
94 70 1
3 78 1
55 78 1
112 78 1
125 78 1
28 57 1
50 57 1
65 57 1
75 57 1
91 57 1
112 57 1
120 57 1
9 91 1
13 91 1
46 91 1
54 91 1
71 91 1
88 91 1
94 91 1
9 94 1
16 94 1
90 94 1
112 94 1
3 50 1
8 50 1
126 50 1
6 126 1
9 126 1
12 126 1
67 126 1
119 126 1
120 126 1
2 67 1
9 67 1
61 67 1
69 67 1
119 67 1
16 28 1
96 28 1
1 96 1
6 96 1
73 96 1
120 96 1
2 73 1
65 73 1
69 73 1
84 73 1
103 73 1
3 42 1
8 42 1
13 42 1
80 42 1
102 42 1
115 42 1
6 80 1
27 80 1
55 80 1
58 80 1
75 80 1
88 80 1
98 80 1
55 58 1
3 27 1
6 27 1
119 27 1
12 75 1
16 75 1
55 75 1
77 75 1
88 75 1
110 75 1
119 75 1
9 110 1
30 110 1
38 110 1
13 38 1
64 38 1
1 30 1
13 30 1
83 30 1
108 30 1
2 108 1
12 108 1
46 108 1
55 108 1
90 108 1
104 108 1
120 108 1
1 104 1
3 104 1
16 104 1
55 104 1
102 104 1
9 90 1
13 90 1
46 90 1
117 90 1
119 90 1
3 117 1
8 117 1
66 117 1
87 117 1
119 117 1
2 66 1
13 66 1
62 66 1
69 66 1
1 77 1
69 77 1
120 77 1
8 87 1
120 87 1
55 99 1
61 99 1
120 99 1
9 81 1
48 81 1
49 81 1
3 49 1
115 49 1
13 64 1
44 64 1
46 64 1
55 64 1
62 64 1
86 64 1
120 64 1
2 86 1
6 86 1
85 86 1
106 86 1
9 44 1
40 44 1
55 44 1
62 44 1
69 44 1
112 44 1
119 44 1
12 62 1
98 62 1
103 62 1
120 62 1
2 40 1
8 40 1
46 40 1
115 40 1
8 103 1
46 103 1
88 103 1
8 63 1
9 63 1
98 63 1
6 98 1
8 98 1
31 98 1
46 98 1
92 98 1
125 98 1
55 92 1
69 92 1
84 92 1
3 69 1
16 69 1
54 69 1
119 69 1
120 69 1
43 54 1
65 54 1
114 54 1
13 114 1
85 114 1
125 114 1
3 125 1
118 125 1
13 118 1
46 118 1
47 118 1
55 118 1
72 118 1
116 118 1
8 116 1
12 116 1
16 116 1
8 72 1
51 72 1
55 72 1
71 72 1
106 72 1
120 72 1
8 106 1
12 106 1
61 106 1
112 106 1
31 71 1
46 71 1
95 71 1
8 95 1
119 95 1
2 31 1
37 31 1
100 31 1
2 100 1
6 100 1
39 100 1
45 100 1
84 100 1
89 100 1
112 100 1
6 89 1
8 89 1
33 89 1
37 89 1
46 89 1
2 37 1
115 37 1
120 37 1
47 33 1
48 33 1
88 33 1
3 47 1
6 47 1
9 47 1
41 47 1
55 47 1
83 47 1
112 47 1
3 41 1
12 41 1
16 41 1
84 41 1
115 41 1
16 45 1
79 45 1
120 45 1
12 79 1
48 79 1
56 79 1
2 56 1
97 56 1
12 39 1
46 39 1
102 39 1
83 51 1
8 85 1
9 85 1
46 85 1
61 85 1
88 85 1
112 85 1
16 88 1
46 88 1
120 88 1
1 61 1
16 61 1
46 61 1
12 8 1
46 8 1
115 8 1
46 43 1
112 43 1
115 43 1
1 112 1
16 112 1
46 112 1
55 112 1
1 55 1
105 55 1
2 97 1
6 2 1
46 2 1
107 2 1
1 107 1
46 107 1
3 48 1
84 105 1
120 105 1
6 84 1
12 36 1
13 36 1
46 36 1
120 36 1
12 120 1
13 120 1
46 120 1
115 120 1
6 12 1
46 12 1
60 12 1
102 6 1
1 102 1
9 102 1
83 102 1
9 83 1
13 9 1
46 9 1
115 13 1
16 115 1
65 16 1
46 65 1
119 65 1
1 46 1
119 46 1
0 0 0
0 127 1
101 127 1
14 35 1
15 35 1
14 59 1
0 122 1
7 122 1
11 52 1
0 109 1
15 109 1
10 121 1
34 68 1
10 113 1
34 82 1
10 78 1
15 78 1
34 78 1
0 57 1
11 91 1
4 94 1
14 50 1
14 67 1
29 28 1
11 96 1
7 73 1
14 73 1
4 80 1
5 80 1
74 80 1
15 58 1
0 27 1
14 75 1
10 110 1
11 110 1
34 110 1
0 38 1
4 38 1
7 30 1
74 30 1
7 108 1
5 90 1
15 117 1
7 66 1
34 77 1
11 87 1
14 87 1
0 99 1
5 99 1
10 99 1
4 81 1
15 81 1
5 49 1
7 49 1
7 64 1
10 64 1
34 64 1
10 86 1
34 86 1
4 44 1
14 44 1
34 44 1
10 62 1
11 62 1
5 40 1
0 103 1
4 103 1
123 103 1
10 63 1
123 63 1
7 98 1
53 98 1
11 92 1
124 92 1
7 69 1
7 54 1
53 54 1
0 114 1
15 114 1
7 125 1
11 125 1
76 125 1
5 72 1
11 72 1
10 106 1
4 71 1
34 95 1
11 31 1
15 31 1
4 100 1
76 100 1
4 89 1
5 33 1
10 33 1
15 33 1
14 45 1
15 45 1
10 79 1
14 79 1
0 56 1
15 56 1
0 39 1
5 39 1
5 51 1
7 85 1
5 88 1
10 88 1
0 61 1
34 61 1
4 8 1
74 8 1
0 43 1
5 43 1
11 43 1
14 112 1
4 55 1
7 55 1
34 55 1
74 55 1
0 97 1
4 97 1
15 2 1
34 2 1
74 2 1
5 107 1
14 107 1
0 48 1
14 48 1
4 105 1
7 105 1
10 105 1
10 84 1
14 84 1
4 3 1
5 3 1
34 3 1
124 3 1
11 36 1
76 36 1
14 120 1
124 120 1
0 12 1
29 12 1
34 12 1
7 60 1
11 60 1
15 60 1
29 60 1
5 6 1
7 6 1
5 102 1
5 83 1
7 83 1
34 83 1
0 9 1
34 9 1
11 13 1
15 13 1
34 13 1
4 115 1
11 115 1
4 16 1
10 16 1
76 16 1
14 65 1
34 65 1
10 46 1
14 46 1
0 119 1
11 119 1
14 119 1
4 1 1
15 1 1
17 127 44
18 127 9
19 127 208
20 127 24
21 127 142
22 127 215
23 127 39
24 127 42
25 127 220
26 127 122
17 35 108
18 35 134
19 35 226
20 35 212
21 35 51
22 35 90
23 35 78
24 35 47
25 35 69
26 35 128
17 93 159
18 93 195
19 93 139
20 93 210
21 93 155
22 93 82
23 93 209
24 93 101
25 93 218
26 93 74
17 59 224
18 59 158
19 59 9
20 59 8
21 59 245
22 59 142
23 59 90
24 59 140
25 59 180
26 59 96
17 122 135
18 122 172
19 122 132
20 122 38
21 122 125
22 122 108
23 122 241
24 122 108
25 122 52
26 122 165
17 52 19
18 52 69
19 52 21
20 52 76
21 52 251
22 52 216
23 52 255
24 52 217
25 52 104
26 52 87
17 109 92
18 109 232
19 109 56
20 109 53
21 109 197
22 109 22
23 109 157
24 109 194
25 109 86
26 109 32
17 121 181
18 121 247
19 121 243
20 121 131
21 121 42
22 121 112
23 121 146
24 121 115
25 121 46
26 121 39
17 68 83
18 68 61
19 68 161
20 68 128
21 68 166
22 68 146
23 68 2
24 68 59
25 68 133
26 68 166
17 111 119
18 111 242
19 111 251
20 111 26
21 111 84
22 111 224
23 111 57
24 111 230
25 111 92
26 111 78
17 32 106
18 32 244
19 32 245
20 32 233
21 32 132
22 32 91
23 32 36
24 32 213
25 32 133
26 32 9
17 113 163
18 113 244
19 113 99
20 113 112
21 113 89
22 113 228
23 113 18
24 113 197
25 113 92
26 113 93
17 82 128
18 82 192
19 82 142
20 82 142
21 82 61
22 82 108
23 82 97
24 82 208
25 82 76
26 82 6
17 70 128
18 70 84
19 70 98
20 70 58
21 70 139
22 70 34
23 70 30
24 70 160
25 70 35
26 70 37
17 78 116
18 78 155
19 78 51
20 78 205
21 78 44
22 78 13
23 78 244
24 78 105
25 78 6
26 78 55
17 57 4
18 57 171
19 57 113
20 57 184
21 57 9
22 57 40
23 57 126
24 57 80
25 57 132
26 57 117
17 91 74
18 91 1
19 91 62
20 91 172
21 91 175
22 91 114
23 91 110
24 91 175
25 91 16
26 91 170
17 94 87
18 94 132
19 94 75
20 94 64
21 94 251
22 94 4
23 94 233
24 94 20
25 94 205
26 94 39
17 50 32
18 50 48
19 50 173
20 50 173
21 50 72
22 50 92
23 50 209
24 50 186
25 50 84
26 50 143
17 126 226
18 126 249
19 126 115
20 126 83
21 126 248
22 126 230
23 126 63
24 126 196
25 126 173
26 126 185
17 67 232
18 67 43
19 67 102
20 67 135
21 67 88
22 67 27
23 67 245
24 67 210
25 67 13
26 67 110
17 28 37
18 28 72
19 28 144
20 28 31
21 28 58
22 28 112
23 28 232
24 28 196
25 28 151
26 28 17
17 96 90
18 96 76
19 96 154
20 96 116
21 96 4
22 96 4
23 96 134
24 96 34
25 96 136
26 96 58
17 73 64
18 73 42
19 73 49
20 73 29
21 73 203
22 73 17
23 73 129
24 73 80
25 73 17
26 73 156
17 42 152
18 42 19
19 42 168
20 42 90
21 42 143
22 42 143
23 42 175
24 42 134
25 42 101
26 42 128
17 80 19
18 80 216
19 80 13
20 80 143
21 80 43
22 80 28
23 80 119
24 80 33
25 80 196
26 80 81
17 58 74
18 58 144
19 58 61
20 58 62
21 58 116
22 58 225
23 58 205
24 58 148
25 58 51
26 58 34
17 27 48
18 27 168
19 27 186
20 27 121
21 27 252
22 27 31
23 27 126
24 27 87
26 27 97
17 75 78
18 75 173
19 75 206
20 75 155
21 75 255
22 75 199
23 75 105
24 75 54
25 75 2
26 75 184
17 110 142
18 110 136
19 110 134
20 110 197
21 110 16
22 110 201
23 110 148
24 110 192
25 110 37
26 110 224
17 38 142
18 38 119
19 38 170
20 38 39
21 38 128
22 38 144
23 38 13
24 38 56
25 38 206
26 38 19
17 30 220
18 30 33
19 30 18
20 30 16
21 30 247
22 30 1
23 30 180
24 30 5
25 30 116
26 30 192
17 108 45
18 108 38
19 108 77
20 108 180
21 108 2
22 108 2
23 108 67
24 108 17
25 108 202
26 108 29
17 104 96
18 104 77
19 104 104
20 104 242
21 104 229
22 104 62
23 104 253
24 104 174
26 104 194
17 90 194
18 90 142
19 90 80
20 90 228
21 90 110
22 90 239
24 90 162
25 90 147
26 90 242
17 117 174
18 117 21
19 117 150
20 117 128
21 117 235
22 117 8
23 117 206
24 117 40
25 117 134
26 117 78
17 66 64
18 66 96
19 66 71
20 66 71
21 66 144
22 66 184
23 66 190
24 66 104
25 66 168
26 66 3
17 77 2
18 77 85
19 77 182
20 77 92
21 77 138
22 77 154
23 77 63
24 77 40
25 77 66
26 77 180
17 87 182
18 87 247
19 87 146
20 87 221
21 87 121
22 87 183
23 87 72
24 87 49
25 87 108
26 87 105
17 99 180
18 99 152
19 99 41
20 99 232
21 99 8
22 99 9
23 99 17
24 99 68
25 99 12
26 99 116
17 81 16
18 81 150
19 81 216
20 81 216
21 81 36
22 81 160
23 81 230
24 81 93
25 81 42
26 81 201
17 49 102
18 49 64
19 49 59
20 49 78
21 49 128
22 49 251
23 49 130
24 49 136
25 49 84
26 49 192
17 64 113
18 64 242
19 64 57
20 64 167
21 64 242
22 64 115
23 64 145
24 64 98
25 64 216
26 64 210
17 86 91
18 86 4
19 86 186
20 86 115
21 86 84
22 86 41
24 86 125
25 86 236
26 86 195
17 44 76
18 44 9
19 44 84
20 44 45
21 44 201
22 44 71
23 44 217
24 44 67
25 44 188
26 44 64
17 62 71
18 62 68
19 62 67
20 62 236
21 62 134
22 62 234
23 62 74
24 62 96
25 62 18
26 62 112
17 40 130
18 40 42
19 40 105
20 40 89
21 40 63
22 40 206
23 40 214
24 40 220
26 40 95
17 103 112
18 103 18
19 103 210
20 103 208
21 103 77
22 103 164
24 103 233
25 103 151
26 103 41
17 63 1
18 63 13
19 63 17
20 63 151
21 63 33
22 63 143
23 63 53
24 63 157
25 63 75
26 63 221
17 98 4
18 98 54
19 98 68
20 98 100
21 98 132
22 98 7
23 98 212
24 98 79
25 98 49
26 98 83
17 92 212
18 92 245
19 92 247
20 92 207
21 92 21
22 92 182
23 92 73
24 92 183
25 92 23
26 92 19
17 69 117
18 69 45
19 69 82
20 69 205
21 69 16
22 69 18
23 69 34
24 69 137
25 69 25
26 69 232
17 54 193
18 54 239
19 54 203
20 54 105
21 54 77
22 54 167
23 54 230
24 54 188
25 54 109
26 54 37
17 114 39
18 114 86
19 114 103
20 114 195
21 114 127
22 114 237
23 114 186
24 114 27
25 114 1
26 114 92
17 125 45
18 125 2
19 125 93
20 125 183
21 125 164
22 125 154
24 125 176
25 125 118
26 125 239
17 118 53
18 118 122
19 118 244
20 118 250
21 118 204
22 118 163
23 118 18
24 118 106
25 118 204
26 118 138
17 116 24
18 116 86
19 116 224
20 116 146
21 116 196
22 116 247
23 116 173
24 116 83
25 116 248
26 116 89
17 72 217
18 72 239
19 72 231
20 72 166
21 72 237
22 72 208
23 72 126
24 72 149
25 72 71
26 72 111
17 106 148
18 106 2
19 106 124
20 106 69
21 106 67
22 106 229
23 106 220
24 106 67
25 106 33
26 106 73
17 71 71
18 71 41
19 71 22
20 71 111
21 71 86
22 71 84
23 71 99
24 71 139
25 71 79
26 71 53
17 95 238
18 95 249
19 95 235
20 95 52
21 95 168
22 95 221
23 95 115
24 95 208
25 95 184
26 95 156
17 31 3
18 31 195
19 31 146
20 31 156
21 31 59
22 31 122
23 31 54
24 31 224
25 31 31
26 31 76
17 100 204
18 100 128
19 100 118
20 100 156
21 100 29
22 100 235
23 100 24
24 100 12
25 100 168
26 100 157
17 89 189
18 89 32
19 89 147
20 89 39
21 89 64
22 89 243
23 89 65
24 89 68
25 89 42
26 89 238
17 37 1
18 37 164
19 37 91
20 37 160
21 37 69
22 37 77
23 37 145
24 37 20
25 37 33
26 37 212
17 33 38
18 33 138
19 33 42
20 33 152
21 33 234
22 33 173
23 33 226
24 33 175
25 33 208
26 33 174
17 47 65
18 47 155
19 47 186
20 47 162
21 47 145
22 47 103
23 47 229
24 47 110
26 47 161
17 41 1
18 41 239
19 41 73
20 41 78
21 41 29
22 41 61
23 41 27
24 41 112
25 41 129
26 41 38
17 45 184
18 45 205
19 45 113
20 45 106
21 45 151
22 45 45
23 45 39
24 45 153
25 45 172
26 45 64
17 79 37
18 79 142
19 79 31
20 79 86
21 79 217
22 79 57
23 79 185
24 79 217
25 79 8
26 79 219
17 56 192
18 56 155
19 56 208
20 56 249
21 56 214
22 56 124
23 56 231
24 56 65
26 56 153
17 39 29
18 39 168
19 39 197
20 39 116
21 39 11
22 39 68
23 39 61
24 39 93
25 39 70
26 39 74
17 51 35
18 51 154
19 51 11
20 51 185
21 51 43
22 51 164
23 51 191
24 51 203
25 51 169
26 51 148
17 85 2
18 85 27
19 85 34
20 85 50
21 85 66
22 85 3
23 85 106
24 85 39
25 85 150
26 85 167
17 88 8
18 88 75
19 88 226
20 88 108
21 88 18
22 88 80
23 88 253
24 88 160
25 88 21
26 88 234
17 61 46
18 61 116
19 61 146
20 61 148
21 61 236
22 61 11
23 61 192
24 61 97
25 61 43
26 61 158
17 8 152
18 8 1
19 8 160
20 8 213
21 8 220
22 8 195
24 8 88
25 8 59
26 8 249
17 43 28
18 43 157
19 43 1
20 43 1
21 43 122
22 43 216
23 43 194
24 43 188
25 43 152
26 43 12
17 112 157
18 112 43
19 112 189
20 112 239
21 112 177
22 112 248
23 112 211
24 112 131
26 112 46
17 55 24
18 55 84
19 55 211
20 55 178
21 55 126
22 55 129
23 55 177
24 55 165
26 55 190
17 97 23
18 97 58
19 97 199
20 97 74
21 97 118
22 97 139
23 97 96
24 97 48
25 97 155
26 97 79
17 2 234
18 2 90
19 2 164
20 2 135
21 2 32
22 2 36
23 2 68
24 2 14
25 2 51
26 2 205
17 107 201
18 107 181
19 107 85
20 107 19
21 107 64
22 107 72
23 107 136
24 107 28
25 107 103
26 107 135
17 48 167
18 48 144
19 48 222
20 48 206
21 48 83
22 48 73
23 48 1
24 48 29
25 48 204
26 48 83
17 105 174
18 105 195
19 105 211
20 105 81
21 105 198
22 105 189
23 105 252
24 105 55
25 105 142
26 105 222
17 84 97
18 84 71
19 84 166
20 84 114
21 84 55
22 84 249
23 84 142
24 84 81
25 84 199
26 84 121
17 3 38
18 3 172
19 3 26
20 3 3
21 3 86
22 3 57
23 3 238
24 3 66
25 3 149
26 3 162
17 36 173
18 36 34
19 36 175
20 36 118
21 36 205
22 36 117
23 36 37
24 36 190
25 36 9
26 36 56
17 120 216
18 120 17
19 120 217
20 120 181
21 120 102
22 120 180
23 120 156
24 120 95
25 120 138
26 120 28
17 12 165
18 12 66
19 12 37
20 12 32
21 12 243
22 12 2
23 12 116
24 12 10
25 12 232
26 12 157
17 60 48
18 60 173
19 60 221
20 60 57
21 60 149
22 60 242
23 60 71
24 60 166
25 60 237
26 60 178
17 6 9
18 6 108
19 6 136
20 6 201
21 6 21
22 6 14
23 6 181
24 6 158
25 6 98
26 6 166
17 102 182
18 102 9
19 102 105
20 102 230
21 102 168
22 102 82
24 102 250
25 102 197
26 102 154
17 83 208
18 83 16
19 83 199
20 83 19
21 83 32
22 83 121
23 83 174
24 83 34
25 83 21
26 83 119
17 9 12
18 9 43
19 9 112
20 9 73
21 9 236
22 9 245
23 9 216
24 9 167
25 9 124
26 9 44
17 13 156
18 13 71
19 13 129
20 13 43
21 13 226
22 13 146
23 13 210
24 13 108
25 13 4
26 13 109
17 115 58
18 115 77
19 115 151
20 115 232
21 115 22
22 115 136
23 115 122
24 115 186
25 115 141
26 115 149
17 16 56
18 16 39
19 16 2
20 16 2
21 16 244
22 16 173
23 16 152
24 16 100
25 16 45
26 16 24
17 65 148
18 65 61
19 65 122
20 65 125
21 65 232
22 65 223
23 65 135
24 65 53
25 65 102
26 65 69
17 46 6
18 46 155
19 46 56
20 46 36
21 46 118
22 46 244
23 46 108
24 46 221
25 46 62
26 46 152
17 119 81
18 119 244
19 119 191
20 119 56
21 119 162
22 119 114
23 119 9
24 119 236
25 119 46
26 119 160
17 1 221
18 1 72
19 1 111
20 1 103
21 1 41
22 1 170
24 1 128
25 1 102
26 1 167
14 11 1
15 11 1
124 11 1
17 11 25
18 11 104
19 11 110
20 11 188
21 11 81
22 11 94
23 11 89
24 11 242
25 11 209
26 11 67
34 76 1
0 76 1
15 76 1
124 76 1
17 76 131
18 76 162
19 76 239
20 76 219
21 76 37
22 76 149
23 76 57
24 76 61
25 76 98
26 76 142
74 7 1
34 7 1
10 7 1
0 7 1
124 7 1
17 7 252
18 7 29
19 7 19
20 7 176
21 7 147
22 7 87
23 7 115
24 7 40
25 7 156
26 7 154
5 4 1
74 4 1
34 4 1
10 4 1
14 4 1
15 4 1
124 4 1
17 4 199
18 4 99
19 4 67
20 4 170
21 4 89
22 4 130
23 4 116
24 4 227
25 4 40
26 4 91
74 5 1
34 5 1
10 5 1
0 5 1
17 5 203
18 5 71
19 5 33
20 5 194
21 5 185
22 5 36
23 5 90
24 5 152
25 5 45
26 5 48
74 53 1
17 53 222
18 53 78
19 53 145
20 53 211
21 53 120
22 53 6
23 53 29
24 53 94
25 53 209
26 53 38
124 10 1
17 10 117
18 10 113
19 10 143
20 10 247
21 10 175
22 10 67
23 10 222
24 10 172
25 10 196
26 10 19
123 34 1
15 34 1
17 34 202
18 34 35
19 34 165
20 34 178
21 34 2
22 34 244
23 34 197
24 34 43
25 34 110
26 34 85
29 74 1
124 74 1
17 74 198
18 74 68
19 74 53
20 74 38
21 74 120
22 74 230
23 74 186
24 74 158
25 74 219
26 74 135
123 29 1
14 29 1
15 29 1
124 29 1
17 29 104
18 29 33
19 29 130
20 29 225
21 29 191
22 29 72
23 29 89
24 29 154
25 29 75
26 29 150
17 186 0
18 17 126
19 17 23
20 17 131
21 17 175
22 17 78
23 17 202
24 17 208
25 17 186
26 17 235
124 14 1
18 14 39
19 14 153
20 14 20
21 14 33
22 14 185
23 14 87
24 14 162
25 14 154
26 14 129
18 124 171
19 124 32
20 124 54
21 124 22
22 124 184
23 124 107
24 124 80
25 124 161
26 124 197
0 123 1
18 123 49
19 123 157
20 123 114
21 123 105
22 123 37
23 123 163
24 123 47
25 123 211
26 123 194
0 15 1
18 15 217
19 15 241
20 15 45
21 15 53
22 15 85
23 15 25
24 15 187
25 15 81
26 15 255
18 182 0
19 18 209
20 18 39
21 18 211
22 18 152
23 18 40
24 18 100
25 18 190
26 18 167
19 101 57
20 101 5
21 101 198
22 101 218
23 101 196
24 101 69
25 101 69
26 101 245
19 71 0
20 19 248
21 19 87
22 19 90
23 19 44
24 19 84
25 19 158
26 19 240
20 89 0
21 20 223
22 20 224
23 20 87
24 20 248
25 20 240
26 20 59
21 9 0
22 21 159
23 21 74
24 21 108
25 21 85
26 21 163
22 148 0
23 22 132
24 22 73
25 22 66
26 22 243
23 65 0
24 23 136
25 23 100
26 23 91
25 24 182
26 24 130
25 22 0
26 25 106
26 242 0
0 0 0
13 0 1
48 0 1
58 0 1
65 0 1
68 0 1
80 0 1
92 0 1
102 0 1
106 0 1
121 0 1
4 0 1
5 0 1
53 0 1
29 0 1
17 0 245
124 0 1
123 0 1
18 0 62
19 0 252
20 0 171
21 0 58
22 0 141
23 0 6
24 0 64
25 0 237
26 0 33
12 26 1
13 26 1
50 26 1
54 26 1
55 26 1
59 26 1
73 26 1
75 26 1
79 26 1
81 26 1
84 26 1
85 26 1
92 26 1
94 26 1
96 26 1
104 26 1
108 26 1
114 26 1
122 26 1
125 26 1
11 26 1
7 26 1
4 26 1
74 26 1
29 26 1
17 26 99
14 26 1
124 26 1
15 26 1
18 26 215
19 26 97
20 26 255
21 26 141
22 26 193
23 26 146
24 26 187
25 26 94
12 25 1
27 25 1
51 25 1
60 25 1
67 25 1
72 25 1
87 25 1
92 25 1
100 25 1
104 25 1
107 25 1
113 25 1
117 25 1
118 25 1
127 25 1
7 25 1
5 25 1
10 25 1
29 25 1
17 25 55
123 25 1
15 25 1
18 25 176
101 25 1
19 25 153
20 25 108
21 25 219
23 25 179
24 25 113
31 24 1
35 24 1
42 24 1
43 24 1
49 24 1
61 24 1
66 24 1
77 24 1
89 24 1
90 24 1
104 24 1
109 24 1
117 24 1
11 24 1
4 24 1
17 24 124
124 24 1
15 24 1
18 24 53
19 24 215
20 24 53
21 24 211
22 24 219
23 24 14
9 23 1
35 23 1
39 23 1
44 23 1
49 23 1
52 23 1
68 23 1
82 23 1
88 23 1
95 23 1
105 23 1
107 23 1
116 23 1
117 23 1
121 23 1
125 23 1
126 23 1
5 23 1
34 23 1
74 23 1
17 23 244
124 23 1
15 23 1
18 23 134
19 23 168
20 23 183
21 23 220
22 23 1
8 22 1
9 22 1
28 22 1
31 22 1
35 22 1
47 22 1
62 22 1
63 22 1
64 22 1
70 22 1
71 22 1
91 22 1
105 22 1
110 22 1
112 22 1
113 22 1
114 22 1
76 22 1
5 22 1
53 22 1
10 22 1
17 22 138
14 22 1
124 22 1
123 22 1
18 22 224
19 22 169
20 22 51
21 22 28
8 21 1
28 21 1
32 21 1
37 21 1
38 21 1
40 21 1
50 21 1
54 21 1
66 21 1
88 21 1
91 21 1
100 21 1
111 21 1
115 21 1
11 21 1
5 21 1
10 21 1
34 21 1
17 21 117
14 21 1
123 21 1
15 21 1
18 21 70
19 21 117
20 21 96
6 20 1
46 20 1
56 20 1
57 20 1
69 20 1
72 20 1
73 20 1
111 20 1
120 20 1
11 20 1
76 20 1
53 20 1
10 20 1
34 20 1
74 20 1
17 20 216
124 20 1
123 20 1
18 20 188
19 20 124
6 19 1
33 19 1
36 19 1
39 19 1
42 19 1
46 19 1
47 19 1
57 19 1
64 19 1
80 19 1
103 19 1
110 19 1
116 19 1
120 19 1
121 19 1
126 19 1
11 19 1
5 19 1
34 19 1
74 19 1
29 19 1
17 19 100
14 19 1
15 19 1
18 19 41
30 101 1
40 101 1
43 101 1
45 101 1
59 101 1
60 101 1
61 101 1
62 101 1
66 101 1
83 101 1
86 101 1
87 101 1
94 101 1
106 101 1
109 101 1
114 101 1
4 101 1
5 101 1
53 101 1
74 101 1
29 101 1
17 101 138
123 101 1
18 101 14
3 18 1
30 18 1
33 18 1
41 18 1
42 18 1
52 18 1
55 18 1
70 18 1
84 18 1
86 18 1
90 18 1
95 18 1
99 18 1
103 18 1
118 18 1
119 18 1
122 18 1
76 18 1
4 18 1
5 18 1
53 18 1
10 18 1
29 18 1
17 18 150
124 18 1
123 18 1
15 18 1
2 15 1
3 15 1
30 15 1
37 15 1
44 15 1
45 15 1
51 15 1
72 15 1
75 15 1
86 15 1
97 15 1
102 15 1
108 15 1
112 15 1
118 15 1
127 15 1
4 15 1
10 15 1
17 15 119
14 15 1
123 15 1
1 123 1
2 123 1
16 123 1
33 123 1
36 123 1
39 123 1
41 123 1
47 123 1
49 123 1
59 123 1
60 123 1
67 123 1
77 123 1
79 123 1
81 123 1
83 123 1
85 123 1
87 123 1
93 123 1
94 123 1
96 123 1
99 123 1
110 123 1
116 123 1
119 123 1
126 123 1
11 123 1
5 123 1
53 123 1
10 123 1
34 123 1
29 123 1
17 123 18
14 123 1
1 124 1
16 124 1
32 124 1
40 124 1
48 124 1
50 124 1
54 124 1
56 124 1
63 124 1
68 124 1
69 124 1
73 124 1
78 124 1
90 124 1
93 124 1
97 124 1
98 124 1
106 124 1
76 124 1
74 124 1
29 124 1
17 124 101
27 14 1
28 14 1
38 14 1
58 14 1
63 14 1
65 14 1
71 14 1
78 14 1
79 14 1
82 14 1
89 14 1
93 14 1
98 14 1
99 14 1
111 14 1
115 14 1
4 14 1
5 14 1
53 14 1
34 14 1
74 14 1
29 14 1
17 14 27
6 17 1
8 17 1
35 17 1
127 17 1
11 17 1
76 17 1
7 17 1
4 17 1
53 17 1
74 17 1
29 17 1
1 29 1
8 29 1
13 29 1
52 29 1
55 29 1
85 29 1
109 29 1
11 29 1
4 29 1
5 29 1
53 29 1
10 29 1
34 29 1
9 74 1
102 74 1
109 74 1
121 74 1
4 74 1
5 74 1
53 74 1
10 74 1
2 34 1
16 34 1
75 34 1
11 34 1
53 34 1
1 10 1
2 10 1
3 10 1
46 10 1
81 10 1
87 10 1
99 10 1
112 10 1
115 10 1
11 10 1
4 10 1
5 10 1
1 53 1
3 53 1
64 53 1
119 53 1
11 53 1
76 53 1
4 53 1
1 5 1
12 5 1
46 5 1
63 5 1
103 5 1
11 5 1
9 4 1
12 4 1
112 4 1
2 7 1
3 7 1
46 7 1
48 7 1
55 7 1
97 7 1
119 7 1
3 76 1
9 76 1
84 76 1
119 76 1
3 11 1
36 11 1
102 11 1
119 11 1
120 11 1
