1 76 1
2 76 1
38 76 1
60 76 1
66 76 1
34 30 1
6 66 1
32 66 1
1 38 1
6 38 1
67 38 1
6 60 1
4 56 1
42 56 1
58 56 1
63 56 1
28 52 1
29 52 1
34 52 1
63 52 1
64 52 1
6 59 1
35 59 1
58 59 1
4 28 1
63 28 1
6 64 1
9 64 1
58 64 1
63 64 1
70 64 1
2 75 1
11 75 1
36 75 1
44 75 1
45 75 1
51 75 1
58 75 1
68 75 1
4 68 1
9 68 1
25 68 1
27 68 1
41 68 1
53 68 1
65 68 1
2 53 1
4 53 1
58 53 1
73 53 1
2 41 1
29 41 1
37 41 1
58 41 1
1 37 1
35 37 1
63 37 1
1 25 1
6 25 1
11 25 1
32 25 1
35 25 1
71 25 1
73 25 1
7 73 1
9 73 1
26 73 1
27 73 1
34 73 1
70 73 1
71 73 1
74 73 1
1 26 1
29 26 1
57 26 1
7 51 1
34 51 1
1 57 1
42 57 1
54 57 1
1 55 1
4 55 1
7 55 1
27 55 1
29 55 1
4 44 1
6 44 1
1 39 1
4 39 1
11 39 1
67 39 1
72 39 1
11 72 1
23 72 1
29 72 1
77 72 1
1 29 1
45 29 1
58 29 1
74 29 1
1 74 1
2 74 1
23 74 1
35 74 1
58 74 1
7 45 1
9 45 1
35 45 1
63 45 1
70 45 1
9 24 1
11 24 1
36 24 1
58 24 1
2 54 1
9 54 1
34 54 1
42 54 1
1 36 1
34 36 1
2 35 1
34 35 1
63 35 1
9 1 1
32 1 1
34 1 1
58 1 1
69 1 1
2 69 1
7 69 1
11 69 1
70 69 1
71 69 1
77 69 1
23 70 1
27 70 1
42 70 1
2 32 1
4 32 1
42 32 1
58 32 1
63 32 1
2 42 1
43 42 1
77 42 1
9 43 1
6 2 1
27 2 1
31 2 1
67 2 1
77 2 1
7 67 1
33 67 1
34 67 1
48 67 1
58 67 1
62 67 1
4 62 1
6 62 1
27 62 1
33 62 1
34 62 1
58 62 1
71 62 1
7 48 1
11 48 1
33 48 1
34 48 1
58 48 1
65 48 1
23 33 1
58 33 1
34 23 1
7 77 1
31 77 1
58 77 1
63 77 1
11 58 1
27 58 1
31 58 1
34 58 1
71 58 1
7 31 1
34 27 1
47 27 1
71 27 1
6 47 1
7 47 1
34 47 1
63 47 1
4 7 1
34 7 1
65 7 1
63 65 1
9 6 1
71 6 1
4 71 1
61 4 1
34 61 1
9 34 1
11 34 1
63 11 1
9 63 1
0 0 0
3 76 1
0 30 1
0 66 1
3 66 1
10 38 1
40 38 1
8 60 1
10 60 1
12 52 1
8 28 1
12 28 1
40 28 1
3 64 1
40 64 1
0 75 1
0 68 1
46 68 1
3 53 1
40 53 1
5 41 1
12 41 1
3 37 1
5 37 1
40 25 1
50 25 1
5 73 1
40 26 1
3 51 1
5 51 1
0 57 1
12 57 1
40 57 1
40 55 1
8 44 1
40 39 1
46 39 1
10 72 1
12 72 1
40 72 1
5 29 1
10 29 1
40 29 1
0 74 1
40 74 1
8 45 1
0 24 1
12 54 1
40 54 1
10 36 1
12 36 1
40 36 1
46 36 1
49 36 1
5 35 1
8 35 1
49 35 1
5 1 1
3 70 1
40 70 1
0 32 1
50 42 1
40 43 1
10 2 1
40 2 1
0 67 1
10 67 1
40 67 1
5 62 1
40 62 1
3 48 1
8 33 1
46 33 1
50 33 1
0 23 1
5 23 1
10 23 1
3 77 1
12 77 1
40 77 1
46 77 1
0 58 1
12 58 1
40 31 1
10 27 1
8 47 1
40 47 1
10 7 1
0 65 1
3 65 1
10 65 1
12 6 1
0 71 1
8 71 1
40 71 1
3 4 1
5 4 1
3 61 1
8 61 1
12 61 1
40 61 1
50 61 1
10 34 1
46 34 1
40 11 1
50 11 1
0 63 1
5 63 1
50 63 1
8 9 1
10 9 1
40 9 1
13 76 134
14 76 35
15 76 8
16 76 91
17 76 71
18 76 197
19 76 134
20 76 91
21 76 247
22 76 128
13 30 228
14 30 209
15 30 170
16 30 248
17 30 164
18 30 60
19 30 100
20 30 123
21 30 80
22 30 138
13 66 64
14 66 102
15 66 30
16 66 106
17 66 175
18 66 153
19 66 103
20 66 149
21 66 103
22 66 187
13 38 204
14 38 87
15 38 231
16 38 117
17 38 162
18 38 177
19 38 212
20 38 5
21 38 161
22 38 71
13 60 165
14 60 109
15 60 187
16 60 47
17 60 29
18 60 91
19 60 236
20 60 64
21 60 173
22 60 245
13 56 106
14 56 213
15 56 224
16 56 129
17 56 149
18 56 18
19 56 6
20 56 81
21 56 5
22 56 43
13 52 2
14 52 4
15 52 8
16 52 16
17 52 32
18 52 64
19 52 128
20 52 28
21 52 59
22 52 116
13 59 148
14 59 53
15 59 56
16 59 103
17 59 236
18 59 205
19 59 143
20 59 83
21 59 70
22 59 77
13 28 21
14 28 67
15 28 186
16 28 201
17 28 178
18 28 254
19 28 119
20 28 21
21 28 190
22 28 1
13 64 8
14 64 197
15 64 202
16 64 74
17 64 255
18 64 48
19 64 197
20 64 118
21 64 104
22 64 23
13 75 28
14 75 133
15 75 120
16 75 181
17 75 134
18 75 92
19 75 129
20 75 110
21 75 131
22 75 215
13 68 151
14 68 110
15 68 213
16 68 228
17 68 83
18 68 187
19 68 57
20 68 173
21 68 185
22 68 43
13 53 67
14 53 159
15 53 4
16 53 163
17 53 173
18 53 98
19 53 67
20 53 163
21 53 245
22 53 206
13 41 155
14 41 128
15 41 200
16 41 24
17 41 198
18 41 180
19 41 78
20 41 154
21 41 78
22 41 32
13 37 25
14 37 33
15 37 233
16 37 137
17 37 151
18 37 174
19 37 204
20 37 236
21 37 12
22 37 193
13 25 212
14 25 191
15 25 73
16 25 237
17 25 84
18 25 120
19 25 200
20 25 246
21 25 160
22 25 9
13 73 87
14 73 218
15 73 106
16 73 94
17 73 59
18 73 182
19 73 197
20 73 128
21 73 71
22 73 247
13 26 114
14 26 230
15 26 85
16 26 124
17 26 220
18 26 144
19 26 50
20 26 179
21 26 40
22 26 69
13 51 65
14 51 79
15 51 180
16 51 101
17 51 236
18 51 226
19 51 51
20 51 59
21 51 3
22 51 249
13 57 102
14 57 134
15 57 131
16 57 30
17 57 102
18 57 130
19 57 23
20 57 150
21 57 48
22 57 34
13 55 32
14 55 51
15 55 15
16 55 53
17 55 217
18 55 194
19 55 51
20 55 196
21 55 189
22 55 93
13 44 174
14 44 169
15 44 212
16 44 188
17 44 118
18 44 113
19 44 151
20 44 29
21 44 143
22 44 242
13 39 43
14 39 29
15 39 140
16 39 48
17 39 145
18 39 117
19 39 156
20 39 41
21 39 157
22 39 64
13 72 133
14 72 34
15 72 54
16 72 122
17 72 134
18 72 50
19 72 92
20 72 99
21 72 192
22 72 136
13 29 197
14 29 55
15 29 228
16 29 114
17 29 41
18 29 211
19 29 28
20 29 216
21 29 210
22 29 155
13 74 16
14 74 70
15 74 16
16 74 182
17 74 142
18 74 151
19 74 17
20 74 182
21 74 243
22 74 28
13 45 92
14 45 12
15 45 173
16 45 246
17 45 66
18 45 141
19 45 218
20 45 63
21 45 72
22 45 52
13 24 112
14 24 46
15 24 253
16 24 239
17 24 32
18 24 111
19 24 62
20 24 165
21 24 54
22 24 122
13 54 173
14 54 118
15 54 11
16 54 192
17 54 126
18 54 201
19 54 72
20 54 164
21 54 78
22 54 29
13 36 56
14 36 23
15 36 240
16 36 119
17 36 16
18 36 185
19 36 31
20 36 220
21 36 27
22 36 179
13 35 16
14 35 151
15 35 137
16 35 148
17 35 226
18 35 97
19 35 151
20 35 236
21 35 208
22 35 46
13 1 168
14 1 32
15 1 188
16 1 6
17 1 248
18 1 163
19 1 157
20 1 168
21 1 157
22 1 8
13 69 102
14 69 165
15 69 115
16 69 180
17 69 81
18 69 214
19 69 228
20 69 140
21 69 222
22 69 173
13 70 213
14 70 183
15 70 220
16 70 31
17 70 55
18 70 36
19 70 12
20 70 162
21 70 10
22 70 86
13 32 51
14 32 67
15 32 207
16 32 15
17 32 51
18 32 65
19 32 133
20 32 197
21 32 24
22 32 159
13 42 183
14 42 115
15 42 164
16 42 62
17 42 110
18 42 72
19 42 25
20 42 89
21 42 20
22 42 172
13 43 18
14 43 37
15 43 64
16 43 130
17 43 29
18 43 58
19 43 117
20 43 224
21 43 193
22 43 135
13 2 84
14 2 16
15 2 208
16 2 3
17 2 242
18 2 223
19 2 192
20 2 84
21 2 192
22 2 4
13 67 142
14 67 197
15 67 47
16 67 39
17 67 229
18 67 3
19 67 62
20 67 170
21 67 37
22 67 116
13 62 217
14 62 96
15 62 1
16 62 225
17 62 43
18 62 24
19 62 158
20 62 225
21 62 122
22 62 189
13 48 42
14 48 134
15 48 104
16 48 143
17 48 121
18 48 225
19 48 238
20 48 42
21 48 96
22 48 2
13 33 37
14 33 74
15 33 128
16 33 25
17 33 59
18 33 116
19 33 234
20 33 221
21 33 159
22 33 19
13 23 181
14 23 98
15 23 146
16 23 199
17 23 168
18 23 240
19 23 141
20 23 241
21 23 93
22 23 19
13 77 118
14 77 196
15 77 57
16 77 146
17 77 77
18 77 253
19 77 7
20 77 255
21 77 186
22 77 38
13 58 204
14 58 17
15 58 27
16 58 61
17 58 205
18 58 25
19 58 46
20 58 49
21 58 96
22 58 68
13 31 74
14 31 148
15 31 28
16 31 51
17 31 118
18 31 232
19 31 201
20 31 167
21 31 35
22 31 38
13 27 9
14 27 18
15 27 32
16 27 65
17 27 128
18 27 29
19 27 58
20 27 112
21 27 238
22 27 205
13 47 184
14 47 24
15 47 71
16 47 241
17 47 132
18 47 6
19 47 169
20 47 127
21 47 144
22 47 104
13 7 4
14 7 98
15 7 101
16 7 37
17 7 127
18 7 24
19 7 236
20 7 59
21 7 52
22 7 133
13 65 86
14 65 59
15 65 5
16 65 96
17 65 63
18 65 234
19 65 36
20 65 82
21 65 39
22 65 128
13 6 1
14 6 150
15 6 94
16 6 78
17 6 214
18 6 6
19 6 124
20 6 73
21 6 74
22 6 232
13 71 77
14 71 64
15 71 100
16 71 12
17 71 237
18 71 90
19 71 39
20 71 77
21 71 39
22 71 16
13 4 175
14 4 193
15 4 2
16 4 223
17 4 86
18 4 49
19 4 33
20 4 223
21 4 244
22 4 103
13 61 51
14 61 220
15 61 183
16 61 212
17 61 166
18 61 107
19 61 114
20 61 70
21 61 111
22 61 86
13 34 23
14 34 68
15 34 108
16 34 244
17 34 16
18 34 100
19 34 184
20 34 198
21 34 156
22 34 13
13 11 4
14 11 9
15 11 16
16 11 32
17 11 64
18 11 128
19 11 29
20 11 56
21 11 119
22 11 232
13 63 132
14 63 175
15 63 211
16 63 234
17 63 89
18 63 127
19 63 181
20 63 10
21 63 95
22 63 142
13 9 46
14 9 136
15 9 216
16 9 245
17 9 33
18 9 200
19 9 109
20 9 145
21 9 36
22 9 26
46 3 1
5 3 1
0 3 1
13 3 220
14 3 218
15 3 233
17 3 240
18 3 247
19 3 129
20 3 22
21 3 144
22 3 189
5 46 1
40 46 1
13 46 150
14 46 4
15 46 117
16 46 62
17 46 116
18 46 183
19 46 49
20 46 2
21 46 172
22 46 248
8 40 1
12 40 1
13 40 235
14 40 108
15 40 37
16 40 111
17 40 13
18 40 106
19 40 226
20 40 161
21 40 218
22 40 86
5 49 1
8 49 1
50 49 1
10 49 1
13 49 242
14 49 143
15 49 237
16 49 185
17 49 199
18 49 79
19 49 15
20 49 8
21 49 97
22 49 158
50 5 1
10 5 1
13 5 47
14 5 2
15 5 23
16 5 222
17 5 20
18 5 201
19 5 85
20 5 30
21 5 177
22 5 169
12 8 1
13 8 111
14 8 234
15 8 233
16 8 208
17 8 149
18 8 145
19 8 212
20 8 27
21 8 64
22 8 162
0 50 1
13 50 64
14 50 162
15 50 94
16 50 141
17 50 88
18 50 171
19 50 77
20 50 214
21 50 49
22 50 103
12 10 1
13 10 27
14 10 32
15 10 189
16 10 196
17 10 199
18 10 175
19 10 248
20 10 64
21 10 168
13 12 191
14 12 73
15 12 31
16 12 28
17 12 198
18 12 6
19 12 103
20 12 19
21 12 29
22 12 223
13 0 130
14 0 144
15 0 204
16 0 3
17 0 145
18 0 162
19 0 146
20 0 147
21 0 23
22 0 200
13 201 0
14 13 175
15 13 130
16 13 179
17 13 24
18 13 13
19 13 71
20 13 221
21 13 97
22 13 204
14 237 0
15 14 101
16 14 4
17 14 3
18 14 39
19 14 246
20 14 238
21 14 37
22 14 116
15 182 0
16 15 240
17 15 122
18 15 250
19 15 234
20 15 66
21 15 62
22 15 1
16 128 0
17 16 19
18 16 14
19 16 165
20 16 123
21 16 47
22 16 81
17 118 0
18 17 17
19 17 6
20 17 150
21 17 237
22 17 59
18 186 0
19 18 57
20 18 62
21 18 213
22 18 222
19 41 0
20 19 1
21 19 42
22 19 75
20 94 0
21 20 57
22 20 207
21 37 0
22 21 205
22 151 0
0 0 0
9 22 1
32 22 1
34 22 1
35 22 1
38 22 1
55 22 1
61 22 1
65 22 1
68 22 1
3 22 1
40 22 1
49 22 1
8 22 1
50 22 1
10 22 1
12 22 1
13 22 64
14 22 103
15 22 241
16 22 117
17 22 99
18 22 142
19 22 35
20 22 13
21 22 18
9 21 1
29 21 1
41 21 1
44 21 1
53 21 1
54 21 1
56 21 1
72 21 1
74 21 1
40 21 1
49 21 1
5 21 1
10 21 1
0 21 1
13 21 158
14 21 203
15 21 126
16 21 7
17 21 142
18 21 216
19 21 123
20 21 250
7 20 1
26 20 1
27 20 1
34 20 1
36 20 1
38 20 1
44 20 1
48 20 1
57 20 1
58 20 1
59 20 1
60 20 1
62 20 1
66 20 1
69 20 1
77 20 1
3 20 1
46 20 1
40 20 1
49 20 1
0 20 1
13 20 129
14 20 232
15 20 236
16 20 7
17 20 251
18 20 201
19 20 33
6 19 1
7 19 1
28 19 1
33 19 1
37 19 1
39 19 1
43 19 1
44 19 1
45 19 1
52 19 1
54 19 1
56 19 1
57 19 1
61 19 1
65 19 1
40 19 1
8 19 1
50 19 1
12 19 1
0 19 1
13 19 45
14 19 79
15 19 189
16 19 115
17 19 100
18 19 198
6 18 1
23 18 1
33 18 1
41 18 1
45 18 1
53 18 1
55 18 1
64 18 1
71 18 1
74 18 1
3 18 1
46 18 1
49 18 1
8 18 1
10 18 1
12 18 1
0 18 1
13 18 137
14 18 6
15 18 160
16 18 51
17 18 86
4 17 1
24 17 1
29 17 1
30 17 1
35 17 1
45 17 1
51 17 1
56 17 1
62 17 1
67 17 1
68 17 1
70 17 1
75 17 1
40 17 1
49 17 1
50 17 1
10 17 1
12 17 1
13 17 252
14 17 15
15 17 130
16 17 101
4 16 1
24 16 1
28 16 1
32 16 1
36 16 1
43 16 1
47 16 1
52 16 1
59 16 1
63 16 1
69 16 1
72 16 1
73 16 1
76 16 1
46 16 1
40 16 1
8 16 1
50 16 1
12 16 1
0 16 1
13 16 72
14 16 101
15 16 38
2 15 1
24 15 1
26 15 1
27 15 1
31 15 1
37 15 1
39 15 1
47 15 1
60 15 1
64 15 1
70 15 1
72 15 1
75 15 1
46 15 1
5 15 1
8 15 1
50 15 1
10 15 1
12 15 1
13 15 170
14 15 194
1 14 1
2 14 1
25 14 1
30 14 1
42 14 1
55 14 1
57 14 1
60 14 1
61 14 1
68 14 1
3 14 1
46 14 1
40 14 1
5 14 1
8 14 1
13 14 99
1 13 1
11 13 1
23 13 1
25 13 1
38 13 1
42 13 1
59 13 1
63 13 1
66 13 1
67 13 1
71 13 1
75 13 1
76 13 1
77 13 1
3 13 1
49 13 1
5 13 1
50 13 1
10 13 1
12 13 1
11 0 1
25 0 1
26 0 1
31 0 1
43 0 1
48 0 1
51 0 1
58 0 1
62 0 1
64 0 1
69 0 1
73 0 1
3 0 1
49 0 1
8 0 1
10 0 1
12 0 1
1 12 1
30 12 1
71 12 1
76 12 1
3 12 1
46 12 1
40 12 1
5 12 1
50 12 1
2 10 1
6 10 1
11 10 1
27 10 1
52 10 1
56 10 1
60 10 1
63 10 1
40 10 1
1 50 1
11 50 1
27 50 1
42 50 1
52 50 1
59 50 1
73 50 1
3 50 1
46 50 1
5 50 1
8 50 1
34 8 1
63 8 1
64 8 1
40 8 1
6 5 1
7 5 1
23 5 1
75 5 1
77 5 1
3 5 1
46 5 1
40 5 1
11 49 1
24 49 1
31 49 1
39 49 1
44 49 1
55 49 1
57 49 1
58 49 1
3 49 1
46 49 1
31 40 1
34 40 1
35 40 1
36 40 1
63 40 1
3 40 1
2 46 1
4 46 1
6 46 1
23 46 1
77 46 1
3 46 1
7 3 1
9 3 1
11 3 1
23 3 1
27 3 1
58 3 1
77 3 1
