A[128x128],i_u[102|26]
                                                                                                     *                          
10000000000000000000000000000000000000000000000000000000000000000000000000000000000000000000000000000000000000001000100000000100
01000000000000000000000000000000000000000000000000000000000000000000000000000000000000000000000000000000000000001000000000111000
01100000000000000000000000000000000000000000000000000000000000000000000000000000000000000000000000000000000000000111000000000000
01010000000000000000000000000000000000000000000000000000000000000000000000000000000000000000000000000000000000000001001000000010
00011000000000000000000000000000000000000000000000000000000000000000000000000000000000000000000000000000000000000000010000000010
00001100000000000000000000000000000000000000000000000000000000000000000000000000000000000000000000000000000000010000010000010000
00000010000000000000000000000000000000000000000000000000000000000000000000000000000000000000000000000000000000110000001000001000
00000001000000000000000000000000000000000000000000000000000000000000000000000000000000000000000000000000000000100000000100010001
00000010100000000000000000000000000000000000000000000000000000000000000000000000000000000000000000000000000000000010000000010001
00000000110000000000000000000000000000000000000000000000000000000000000000000000000000000000000000000000000000000100000011000000
00000000101000000000000000000000000000000000000000000000000000000000000000000000000000000000000000000000000000000010000001000000
00000000001100000000000000000000000000000000000000000000000000000000000000000000000000000000000000000000000000000000000000100100
00000000000110000000000000000000000000000000000000000000000000000000000000000000000000000000000000000000000000000100000000010000
00000000001001000000000000000000000000000000000000000000000000000000000000000000000000000000000000000000000000000000010000100000
00000000000001100000000000000000000000000000000000000000000000000000000000000000000000000000000000000000000000000110000000000000
00000000000001010000000000000000000000000000000000000000000000000000000000000000000000000000000000000000000000000000000110000000
00000000000000011000000000000000000000000000000000000000000000000000000000000000000000000000000000000000000000000000000001100000
00000000000001001100000000000000000000000000000000000000000000000000000000000000000000000000000000000000000000000001001000000010
00000000000000010010000000000000000000000000000000000000000000000000000000000000000000000000000000000000000000000010000001000010
00000000000000000011000000000000000000000000000000000000000000000000000000000000000000000000000000000000000000000001000100010000
00000000000000000001100000000000000000000000000000000000000000000000000000000000000000000000000000000000000000000001000000000100
00000000000000010000010000000000000000000000000000000000000000000000000000000000000000000000000000000000000000000100000001100000
00000000000000000000011000000000000000000000000000000000000000000000000000000000000000000000000000000000000000000001000000000010
00000000000000000000001100000000000000000000000000000000000000000000000000000000000000000000000000000000000000000010000010000010
00000000000001000000000010000000000000000000000000000000000000000000000000000000000000000000000000000000000000000000010100001000
00000000000000000000000011000000000000000000000000000000000000000000000000000000000000000000000000000000000000000000000100000001
00000000000000000000000001100000000000000000000000000000000000000000000000000000000000000000000000000000000000000100000000000001
00000000000000000000000001010000000000000000000000000000000000000000000000000000000000000000000000000000000000000100000000000100
00001000000000010000000001001000000000000000000000000000000000000000000000000000000000000000000000000000000001000000100000000010
00000000000000000000000000001100000000000000000000000000000000000000000000000000000000000000000000000000000000000001000100100000
00000000000000000000000000000110000000000000000000000000000000000000000000000000000000000000000000000000000000000100000001000000
00000000000000000000000000000101000000000000000000000000000000000000000000000000000000000000000000000000000000000000111000000000
00000000000000000000000000000001100000000000000000000000000000000000000000000000000000000000000000000000000000000000100000000010
00000000000000000000000000000000110000000000000000000000000000000000000000000000000000000000000000000000000000000000000000001110
00000000000000000100000000000000101000000000000000000000000000000000000000000000000000000000000000000000000000000010010000001000
00000000000000000000000000000000001100000000000000000000000000000000000000000000000000000000000000000000000000000000000000011100
00000000000000000000000000000000000110000000000000000000000000000000000000000000000000000000000000000000000000000000001001001000
00000000000000000000000000001000000001000000000000000000000000000000000000000000000000000000000000000000000000000001000000001000
00000000000000000000000000000000000100100000000000000000000000000000000000000000000000000000000000000000000010000001001000000100
00000000000000000000000000000000000000010000000000000000000000000000000000000000000000000000000000000000000010000101010000000000
00000000000000000000000000000000000000001000000000000000000000000000000000000000000000000000000000000000000010000001000000000010
00000000000000000000000000000000000000001100000000000000000000000000000000000000000000000000000000000000000000000001000000011000
00010000000000000000000000000010000000000010000000000000000000000000000000000000000000000000000000000000000100000000000100100000
00000000000000000000000000000000000000000011000000000000000000000000000000000000000000000000000000000000000000000000111000000000
10000000000000000000000000000000000000000010100000000000000000000000000000000000000000000000000000000000000000000000100000010000
00000000000000000000000000000000000010000010110000000000000000000000000000000000000000000000000000000000000000000000001000100000
10000000000000000000000000000000000000000000101000000000000000000000000000000000000000000000000000000000000000000010001001000000
00010010000000000000000100000000000000000000010100000000000000000000000000000000000000000000000000000000001000000000010100000000
00000000000000000000000000000000000000000000000010000000000000000000000000000000000000000000000000000000001000000110000000100000
00000000000000000000000001000000000000000000010011000000000000000000000000000000000000000000000000000000000000000110000000000000
00000000000000000000000000000000000000000000000001100000000000000000000000000000000000000000000000000000000000000000000000000111
00110000000000000000100100000000000011000000100000110000000000000000000000000000000000000000000000000000000000000010000010000000
00000000000000001000000000000000000000000000000000011000000000000000000000000000000000000000000000000000000000000010000001000010
00000000000000000000000000000000000000000000000000001100000000000000000000000000000000000000000000000000000000000000001000100010
01100000000000100000000000000000000000000000000001000110000000000000000000000000000000000000000000000000000000000000000000010010
00000000000000000000000000000000000000000000000000000011000000000000000000000000000000000000000000000000000000000000110000000100
00000000000000000000000000000000000000000000000000000001100000000000000000000000000000000000000000000000000000000001000100010000
00000000000000000000000000000000000000000000000000000001010000000000000000000000000000000000000000000000000000000000100010000100
00000000000000000000000000000000000000000001000000000000011000000000000000000000000000000000000000000000000000000010001000000001
11010100000000001000000000000000000000000000000000000000010100000000000000000000000000000000000000000000000000000100000000100000
00100001001000000000000000000000000000000000000000000000000110000000000000000000000000000000000000000000000000000000010000010000
00000000000001000000000000000000000000000000000001000000000101000000000000000000000000000000000000000000000000000000000000101000
00000000000000000000000000000000000000000000000000000000000001100000000000000000000000000000000000000000000000000000000001000100
00000000000000000000000000000000000000000000000000000000000000110000000000000000000000000000000000000000000000000100000000001000
00000000000000000000000000000000000000000000000000000000000001011000000000000000000000000000000000000000000000000000100001000000
00000000000000000000000000000000000000000000000000000000000000010100000000000000000000000000000000000000000000000001010100000000
00000000000000000000000000000000000000000000000000000001000000000110000000000000000000000000000000000000000000000001000100100000
00000000000000000000000000000000000000000000000000000000000000000011000000000000000000000000000000000000000000000001010000000000
00000000000000000000000000000000000000000000000000000000000000100000100000000000000000000000000000000000000000000000101000000000
00000000000000000000000000000000000000000000000000000000000000000000110000000000000000000000000000000000000000000101000000000010
00000000000000000000000000000000000000000000000000000000000000000000011000000000000000000000000000000000000000000010000010000000
00000000000000000000000000000000000000000000000000000000000000100000000100000000000000000000000000000000000000000001000100010000
00000000000000000000000000000000000000000000000000000000010000000000000010000000000000000000000000000000000000000000100000000100
00000000000000000000000000000000000000000001000000000100000000000000000001000000000000000000000000000000000000010001000000000010
00000000000000001000000001001000000000000000000100000000000000000100000001100000000000000000000000000000000000000000000001010000
00000000000000000000100000000000000000010000000000000000001000000000000001010000000000000000000000000000000000000000001000001000
00010000000000000010000010000000000100100000001111000000111010010000000001001000000000000000000000000000000000011000000001100000
00000000000000000000000000000000000000000000000000001000000000000000000000000100000000000000000000000000000000000000001000001000
01100000001000110100000000000000000000000000100000000000001000100010000001000110000000000000000000000000010010000000100000100000
10000100010000100000000001101000110000010010100000100001010000000010000000000011000000000000000000000000100000010000010000000010
00000000000000000000000000000000000000000000000000000000000000000000001000000000100000000000000000000000100000000010100000000000
10010000100000000000100100000000100010000001001000000000000001101000001000000000110000000000000000000000100011000001100000000000
00000000000000000000000000000000000000000000000000000000000000000000000000000000011000000000000000000000000000000000000000010100
00000000000000000000000000000000000000001000000000000000000000000100010000000000000100000000000000000000100000000010000000000001
00000000000000000000000000000000000000000000000000000000000000000000000000000001000010000000000000000000000000000000000000110000
01000000000100000000000100000000000000000000000000100000000000100001000000000000000011000000000000000001000000000000010000000010
00000000000000100010000010010000010100000100000000010010000000000011000000000000000100100000000000000011100110000000110000000000
00000000000000000000000000000000000000000000000000000000000000000000000000000000000000010000000000000010000000000001000100000000
01000000000000010001001000000000100001110010010000010000010000001000100000100000000010011000000000000010000000000000000110000000
00001000001010000001000000001000100000000000010000000000101000000001010100001000000000011100000000000000011000000000000000000110
00000000000000000000000000000000000000000000000000000000000000000000000000000000000000000110000000000000000000000001001000000100
00100100000011000001001001010000000000000001000001000000000000110010000000000000010001000101000000000000000000001000000110000000
00000000000000000000000010000000010000000000000000000000000000000000000100000000000000000001100000000010000000100000100000000001
00000000000000000000000000000001000000000000000000000000000000000010000010000000000000000000110000000000000000000001001000000000
00000000010000001101100000000100001000001000100010000000000000000010000001000000000000000000111000000001010000100000000000110000
01000000100101001000000010000011001010000010000000000101000000000000000000000000000000011000001100000000000000010000000000000011
00000001100000000000000010000000000000000100001000000000000000001001000000001100000000001000000110000000000010000100000001000000
00000110100100000100010000001000010000000000000000010000100000000001100000110010000000000000000011000000000001000011000000000000
00000000000000010000000100000000000000000000000000001000000000000000000000000000000000000000000001100000000000000100000000000001
00001000010000001000000000000000101000000010001101000001000100010000000101111110011000011100001000110000101010000000000110000000
01000000000000000001100000011000001100000000100000010000000010000000000000000000000000000000000000111011100100000001010000000000
10000000000011000000001000000001010001000000000000000000000000000000000000010011001000000000100000010100001110010011000000000000*
10001010000000010000000000010010000000010000000100000100000000000000001100010100100100000100001000001000000000000110000000000000
00000000000000000000000000000000000000000000000001001000000000000000000000000000000000000000000000000000000000000000100100000000
00000000000000000000010000000000000000000000000000000000000000000000000000000000000000000110000000000000000000000100000100001000
00000000000000000100000001000010000000001000100100000000000100110000000000001001100010100000000011000100100000000000011000000000
00000000000000000000000001000000001000010100001000000000010000000100000110100100001000100001110000000000000101000000001100000000
00000000000000000000000000000000000000000000000000000010000000100000000000000000000000010000000001000000000000000000000100001000
00001000000000000000000100000001100010000110000001011010000000000000000001000001000010000011010000000000000000100000000011000000
00000000000000000000000001000001000000000000000000000000000000000000000000001001010000000000000000000000000000000100001000000000
00000000100010100000000000000100000001000011100000000000000010000000000000010001010000100100011100100000000000000000000001001000
00000001000100100000000000000100000000010011010010000000001000000100010000100000000011000000000001010000000000001000000000011000
00000100000000001000001000000100000000100000010000100010010001000000000000000100000000010010000110001000000000100000000000001100
00000000000000000000000000000000000000000000000110000000000000000000000000000000000000000000000000000000000000000000000100100010
10000000000000000000000000000000000000000000000000000000000000000000000000000000000000000000000000000000000000001000101000000000
01010000000000000010100100001000000000100000100000000000000000000000110000000010001101001000000000111000000000000100000000000001
01000010000000100000000000100000000100001000000000000100000001000100101000000000010000000010000100000101011000000110000000000000
00000000000000000000000000000000000000000000000000100000000000000000000000000000000000101000000000000000000000000000100100000000
xxxxxxxxxxxxxxxxxxxxxxxxxxxxxxxxxxxxxxxxxxxxxxxxxxxxxxxxxxxxxxxxxxxxxxxxxxxxxxxxxxxxxxxxxxxxxxxxxxxxxxxxxxxxxxxxxxxxxxxxxxxxxxxx
xxxxxxxxxxxxxxxxxxxxxxxxxxxxxxxxxxxxxxxxxxxxxxxxxxxxxxxxxxxxxxxxxxxxxxxxxxxxxxxxxxxxxxxxxxxxxxxxxxxxxxxxxxxxxxxxxxxxxxxxxxxxxxxx
xxxxxxxxxxxxxxxxxxxxxxxxxxxxxxxxxxxxxxxxxxxxxxxxxxxxxxxxxxxxxxxxxxxxxxxxxxxxxxxxxxxxxxxxxxxxxxxxxxxxxxxxxxxxxxxxxxxxxxxxxxxxxxxx
xxxxxxxxxxxxxxxxxxxxxxxxxxxxxxxxxxxxxxxxxxxxxxxxxxxxxxxxxxxxxxxxxxxxxxxxxxxxxxxxxxxxxxxxxxxxxxxxxxxxxxxxxxxxxxxxxxxxxxxxxxxxxxxx
xxxxxxxxxxxxxxxxxxxxxxxxxxxxxxxxxxxxxxxxxxxxxxxxxxxxxxxxxxxxxxxxxxxxxxxxxxxxxxxxxxxxxxxxxxxxxxxxxxxxxxxxxxxxxxxxxxxxxxxxxxxxxxxx
xxxxxxxxxxxxxxxxxxxxxxxxxxxxxxxxxxxxxxxxxxxxxxxxxxxxxxxxxxxxxxxxxxxxxxxxxxxxxxxxxxxxxxxxxxxxxxxxxxxxxxxxxxxxxxxxxxxxxxxxxxxxxxxx
xxxxxxxxxxxxxxxxxxxxxxxxxxxxxxxxxxxxxxxxxxxxxxxxxxxxxxxxxxxxxxxxxxxxxxxxxxxxxxxxxxxxxxxxxxxxxxxxxxxxxxxxxxxxxxxxxxxxxxxxxxxxxxxx
xxxxxxxxxxxxxxxxxxxxxxxxxxxxxxxxxxxxxxxxxxxxxxxxxxxxxxxxxxxxxxxxxxxxxxxxxxxxxxxxxxxxxxxxxxxxxxxxxxxxxxxxxxxxxxxxxxxxxxxxxxxxxxxx
xxxxxxxxxxxxxxxxxxxxxxxxxxxxxxxxxxxxxxxxxxxxxxxxxxxxxxxxxxxxxxxxxxxxxxxxxxxxxxxxxxxxxxxxxxxxxxxxxxxxxxxxxxxxxxxxxxxxxxxxxxxxxxxx
xxxxxxxxxxxxxxxxxxxxxxxxxxxxxxxxxxxxxxxxxxxxxxxxxxxxxxxxxxxxxxxxxxxxxxxxxxxxxxxxxxxxxxxxxxxxxxxxxxxxxxxxxxxxxxxxxxxxxxxxxxxxxxxx
