A[78x78],i_u[58|20]
                                                         *                    
100000000000000000000000000000000000000000000000000000000000000000101001000000
010000000000000000000000000000000000000000000000000000000000000000100100100000
101000000000000000000000000000000000000000000000000000000000000000001000000100
100100000000000000000000000000000000000000000000000000000000000000001000000101
100010000000000000000000000000000000000000000000000000000000000001000110000100
000001000000000000000000000000000000000000000000000000000000000001000000101010
000000100000000000000000000000000000000000000000000000000000000011000001001000
000000010000000000000000000000000000000000000000000000000000000010001001000100
000000101000000000000000000000000000000000000000000000000000000000000001001000
000000100100000000000000000000000000000000000000000000000000000100010010010000
000000000010000000000000000000000000000000000000000000000000001000001010100000
000000000011000000000000000000000000000000000000000000000000000000000100100001
000000000001100000000000000000000000000000000000000000000000000000000000010010
000000000001010000000000000000000000000000000000000000000000000000000000010010
000000000000011000000000000000000000000000000000000000000000000000000010001000
000000000001000100000000000000000000000000000000000000000000000000011100000000
000000000000100110000000000000000000000000000000000000000000000010010001000000
000000000000000011000000000000000000000000000000000000000000000000010010000100
000000000010000000100000000000000000000000000000000000000000000000010000100000
000000000000000001010000000000000000000000000000000000000000010000000100001100
000000000000000000001000000000000000000000000000000000000000010000000100010001
000000000010000000000100000000000000000000000000000000000000010000000000001110
000000000000000000000010000000000000000000000000000000000000010000000010001000
000000000000000000000011000000000000000000000000000000000000000000000011000010
000000100000010001001001100000000000000000000000000000000000000000000000100010
000000000000000010000000110000000000000000000000000000000000000000000000010010
000000000010000000000000101000000000000000000000000000000000000000000000111000
000000000000000000000000000100000000000000000000000000000000010000000011100000
000000000000000000010000000010000000000000000000000000000000000000000000001010
000000000010000000000000000101000000000000000000000000000000100000000001000100
000000010000001100000000011000100000000000000000000000000000100000000000100001
100100000000001101011010110001010000000000000000000000000000000010101100000000
000000000000000000000000000000011000000000000000000000000000000000010001000100
000000000100000010000000001000001100000000000000000000000000000000000010100000
001000000000000100000000000000010010000000000000000000000000000000000001000001
000001000000000000010000000010000111000000000000000000000000000010001100000000
000000000000000000000000000000000001100000000000000000000000000000010001001000
100000000010110000000000010010101011010000000000000000000001000001000110000000
000100000000000000000010000000000000011000000000000000000000000000001000100000
000000000000000000000000000000000000001100000000000000000000000000010000100100
000000000000000000000000000000000000001010000000000000000000000000010000000100
000000000000000000000000000000000000001111000000000000000000000000000000011000
000000000000000000000001010000000100000001100000000000000011001000001000010000
000000000000000000000001000000001001010000010000000000000011001000001000000100
000001010110110000000000110100010010001111011000000000000010010000010000000100
000000000000000000000000000000000000010000011100000000000000110000010010000000
000000000001000010001000000000000100010100001010000000000010000011000010000100
000000000000000000000000000000000000000000000011000000000000000000000011000000
000000000000000010101000001000001000001010010101100000000010001000000000001100
000000000001000000000000000000000000000010000000110000000000000000000000001001
001110010100000100000100000000000000010100000001001000000001001001000000011000
000000000000000110000000000000001000000100001010001100000000000000101000010000
000001001001100000001110000000000010000100000000100110000001000000000001100000
000000000000000000000000000000000000000000000000000011000000000000000100001001
010000100000000010100000000011110000001110101011100001100000100100000000000101
000000000010000100000011000100001000000010001000000000110010010011011000000000
000001101100001000000000001000100010000000010001010000011000100101001001000000
000000000101000010000000001110010000100000000000001000101110000000000000000011*
101000000100101000100000000000000100000010010000010011000000000000100011000000
000000000001000000000010000001000000000001010000000000100010000010000100000001
000000000000011010100000100000110000000100100000000010001000011100000000110000
000000000000000000000000000001100000000000000000000000000000000000000000010100
000100001100100101011011110011000100111100010101000101010100110100100100010000
000010001000000000000100001000100000000001000001000101000100110010000000000110
000000000000000100000000000000000001000001000000000001011000000101000000001001
000110000000000000000001100001000000011000100010110000100100100000010000000001
011000000011000000010000010100000010001000101000010100001000000000011000000000
000000101000010000010001000011000000000000011000001001000000100000101100000000
xxxxxxxxxxxxxxxxxxxxxxxxxxxxxxxxxxxxxxxxxxxxxxxxxxxxxxxxxxxxxxxxxxxxxxxxxxxxxx
xxxxxxxxxxxxxxxxxxxxxxxxxxxxxxxxxxxxxxxxxxxxxxxxxxxxxxxxxxxxxxxxxxxxxxxxxxxxxx
xxxxxxxxxxxxxxxxxxxxxxxxxxxxxxxxxxxxxxxxxxxxxxxxxxxxxxxxxxxxxxxxxxxxxxxxxxxxxx
xxxxxxxxxxxxxxxxxxxxxxxxxxxxxxxxxxxxxxxxxxxxxxxxxxxxxxxxxxxxxxxxxxxxxxxxxxxxxx
xxxxxxxxxxxxxxxxxxxxxxxxxxxxxxxxxxxxxxxxxxxxxxxxxxxxxxxxxxxxxxxxxxxxxxxxxxxxxx
xxxxxxxxxxxxxxxxxxxxxxxxxxxxxxxxxxxxxxxxxxxxxxxxxxxxxxxxxxxxxxxxxxxxxxxxxxxxxx
xxxxxxxxxxxxxxxxxxxxxxxxxxxxxxxxxxxxxxxxxxxxxxxxxxxxxxxxxxxxxxxxxxxxxxxxxxxxxx
xxxxxxxxxxxxxxxxxxxxxxxxxxxxxxxxxxxxxxxxxxxxxxxxxxxxxxxxxxxxxxxxxxxxxxxxxxxxxx
xxxxxxxxxxxxxxxxxxxxxxxxxxxxxxxxxxxxxxxxxxxxxxxxxxxxxxxxxxxxxxxxxxxxxxxxxxxxxx
xxxxxxxxxxxxxxxxxxxxxxxxxxxxxxxxxxxxxxxxxxxxxxxxxxxxxxxxxxxxxxxxxxxxxxxxxxxxxx
